0.794
0.954
0.848
0.854
0.329
0.76
0.486
0.755
0.562
0.617
0.952
0.671
0.541
0.286
0.234
0.505
0.921
0.244
0.146
0.463
0.583
0.773
0.749
0.496
0.541
0.683
0.541
0.788
0.374
0.872
0.944
0.972
0.834
0.815
0.538
0.707
0.576
0.844
0.592
0.429
0.409
0.893
0.667
0.342
0.785
0.543
0.621
0.792
0.559
0.929
0.47
0.325
0.794
0.578
0.499
0.91
0.354
0.404
0.543
0.865
0.751
0.936
0.925
0.88
0.489
0.834
0.871
0.527
0.692
0.851
0.555
0.849
0.772
0.904
0.713
0.61
0.979
999999.0
0.793
0.82
0.537
0.363
0.723
0.406
0.495
0.866
0.899
0.413
0.619
0.844
0.912
0.582
0.931
0.929
0.488
0.753
0.912
0.719
0.749
0.361
0.809
0.75
0.723
0.831
0.411
0.371
0.8
0.374
0.717
0.726
0.586
0.885
0.629
0.787
0.506
0.872
0.742
0.854
0.778
0.504
0.914
0.74
0.358
0.841
0.567
0.751
0.693
0.565
0.928
0.726
0.771
0.924
0.384
0.827
0.638
0.464
0.949
0.481
0.306
0.624
0.528
0.465
0.788
0.891
0.626
0.878
0.984
0.495
0.857
0.348
0.606
0.662
0.708
0.705
0.243
0.425
0.95
0.512
0.832
0.276
0.332
0.726
0.385
0.922
0.715
0.768
0.476
0.463
0.39
0.256
0.29
0.248
0.449
0.808
0.81
0.328
0.856
0.532
0.789
0.938
0.435
0.685
0.411
0.908
0.781
0.73
0.668
0.706
0.661
0.624
0.394
0.86
0.92
0.597
0.313
0.313
0.781
0.389
0.778
0.963
0.713
0.87
0.488
0.652
0.751
0.773
0.416
0.903
0.921
0.76
0.923
0.789
0.418
0.598
0.381
0.947
0.388
0.809
0.731
0.3
0.754
0.93
0.931
0.921
0.554
0.624
0.818
0.488
0.377
0.749
0.893
0.902
0.308
0.64
0.686
0.598
0.927
0.607
0.359
0.571
0.611
0.679
0.249
0.582
0.332
0.669
0.72
0.676
0.92
0.364
0.877
0.98
0.981
0.651
0.864
0.345
0.499
0.749
0.736
0.587
0.733
0.923
0.515
0.56
0.625
0.739
0.808
0.685
0.817
0.624
0.437
0.882
0.874
0.719
0.622
0.497
0.62
0.983
0.683
0.417
0.895
0.979
0.729
0.576
0.918
0.429
0.771
0.528
0.814
0.838
0.929
0.932
0.471
0.412
0.971
0.224
0.559
0.633
0.756
0.544
0.815
0.947
0.519
0.716
0.845
0.59
0.591
0.347
0.352
0.751
0.775
0.781
0.409
0.625
0.761
0.422
0.804
0.31
0.661
0.926
0.765
0.933
0.656
0.696
0.959
0.713
0.778
0.54
0.697
0.598
0.723
0.458
0.917
0.895
0.377
0.637
0.467
0.601
0.847
0.834
0.846
0.904
0.634
0.634
0.251
0.518
0.807
0.38
0.486
0.836
0.418
0.686
0.724
0.851
0.618
0.165
0.848
0.593
0.76
0.278
0.64
0.372
0.337
0.784
0.796
0.844
0.934
0.511
0.46
0.491
0.583
0.798
0.362
0.692
0.573
0.554
0.301
0.348
0.448
0.737
0.769
0.563
0.674
0.432
0.556
0.88
0.861
0.905
0.749
0.457
0.697
0.535
0.721
0.801
0.582
0.858
0.23
0.498
0.565
0.954
0.911
0.83
0.575
0.631
0.884
0.881
0.741
0.929
0.284
0.566
0.979
0.615
0.48
0.812
0.741
0.84
0.711
0.919
0.23
0.538
0.431
0.506
0.826
0.75
0.725
0.664
0.436
0.539
0.935
0.568
0.446
0.409
0.97
0.549
0.594
0.75
0.667
0.772
0.403
0.812
0.959
0.428
0.579
0.7
0.674
0.786
0.973
0.475
0.33
0.869
0.686
0.285
0.753
0.477
0.708
0.543
0.418
0.778
0.658
0.728
0.941
0.604
0.969
0.844
0.204
0.759
0.692
0.567
0.694
0.522
0.815
0.715
0.854
0.328
0.627
0.397
0.573
0.577
0.792
0.371
0.842
0.629
0.849
0.573
0.91
0.417
0.466
0.889
0.86
0.644
0.953
0.485
0.482
0.898
0.762
0.649
0.79
0.661
0.424
0.262
0.375
0.488
0.726
0.65
0.94
0.927
0.736
0.511
0.805
0.367
0.655
0.287
0.825
0.936
0.761
0.564
0.727
0.322
0.922
0.876
0.537
0.791
0.57
0.908
0.791
0.451
0.837
0.858
0.764
0.501
0.928
0.461
0.433
0.53
0.695
0.593
0.702
0.69
0.864
0.793
0.626
0.969
0.64
0.537
0.904
0.691
0.543
0.545
0.51
0.724
0.97
0.617
0.434
0.761
0.617
0.304
0.486
0.643
0.485
0.339
0.579
0.888
0.795
0.625
0.615
0.45
0.578
0.784
0.868
0.506
0.835
0.711
0.445
0.586
0.8
0.661
0.332
0.504
0.767
0.341
0.71
0.639
0.673
0.864
0.719
0.699
0.929
0.485
0.432
0.338
0.946
0.895
0.391
0.216
0.652
0.647
0.587
0.433
0.883
0.566
0.686
0.507
0.771
0.704
0.524
0.571
0.291
0.876
0.782
0.394
0.299
0.637
0.898
0.661
0.969
0.865
0.655
0.721
0.864
0.763
0.756
0.547
0.511
0.901
0.578
0.706
0.708
0.696
0.827
0.829
0.759
0.924
0.603
0.881
0.797
0.778
0.907
0.847
0.819
0.238
0.912
0.79
0.929
0.826
0.727
0.575
0.849
0.875
0.225
0.622
0.378
0.191
0.843
0.985
0.527
0.695
0.787
0.946
0.913
0.854
0.693
0.634
0.503
0.651
0.392
0.366
0.656
0.905
0.515
0.735
0.879
0.858
0.915
0.973
0.197
0.691
0.787
0.553
0.392
0.669
0.851
0.847
0.345
0.647
0.307
0.821
0.873
0.755
0.785
0.785
0.31
0.475
0.971
0.387
0.283
0.499
0.702
0.716
0.643
0.694
0.742
0.638
0.966
0.842
0.808
0.485
0.772
0.656
0.906
0.459
0.82
0.278
0.648
0.75
0.892
0.661
0.489
0.603
0.385
0.782
0.905
0.338
0.722
0.482
0.559
0.742
0.54
0.634
0.907
0.768
0.35
0.897
0.68
0.711
0.371
0.476
0.67
0.859
0.658
0.849
0.707
0.541
0.736
0.735
0.75
0.243
0.382
0.422
0.596
0.713
0.768
0.498
0.594
0.716
0.588
0.958
0.508
0.641
0.393
0.847
0.323
0.899
0.904
0.62
0.711
0.756
0.763
0.823
0.674
0.861
0.455
0.845
0.518
0.765
0.935
0.853
0.635
0.489
0.205
0.695
0.613
0.222
0.55
0.759
0.279
0.83
0.592
0.785
0.856
0.234
0.562
0.546
0.3
0.798
0.918
0.439
0.336
0.594
0.678
0.949
0.793
0.383
0.873
0.582
0.186
0.475
0.961
0.603
0.233
0.37
0.858
0.441
0.15
0.914
0.979
0.574
0.499
0.732
0.878
0.806
0.469
0.546
0.644
0.855
0.838
0.899
0.894
0.655
0.145
0.616
0.617
0.694
0.845
0.378
0.456
0.641
0.982
0.852
0.578
0.909
0.848
0.524
0.772
0.773
0.63
0.701
0.529
0.866
0.841
0.923
0.74
0.503
0.736
0.574
0.832
0.75
0.564
0.855
0.723
0.589
0.786
0.718
0.957
0.87
0.629
0.96
0.848
0.797
0.684
0.846
0.727
0.7
0.296
0.588
0.277
0.289
0.632
0.767
0.679
0.687
0.777
0.817
0.67
0.894
0.609
0.677
0.276
0.692
0.778
0.218
0.86
0.726
0.967
0.539
0.614
0.896
0.422
0.858
0.453
0.683
0.378
0.52
0.66
0.363
0.495
0.696
0.933
0.858
0.554
0.604
0.494
0.441
0.641
0.56
0.893
0.741
0.761
0.785
0.416
0.408
0.859
0.72
0.84
0.739
0.749
0.926
0.89
0.751
0.749
0.793
0.973
0.651
0.336
0.985
0.403
0.887
0.57
0.765
0.724
0.837
0.594
0.754
0.678
0.728
0.661
0.584
0.71
0.747
0.814
0.913
0.918
0.722
0.826
0.459
0.874
0.584
0.904
0.769
0.629
0.513
0.813
0.799
0.766
0.206
0.256
0.179
0.57
0.509
0.784
0.629
0.739
0.984
0.923
0.853
0.738
0.849
0.48
0.801
0.612
0.85
0.232
0.42
0.731
0.472
0.499
0.067
0.587
0.975
0.432
0.435
0.926
0.901
0.582
0.742
0.881
0.419
0.51
0.819
0.899
0.451
0.81
0.556
0.67
0.83
0.465
0.42
0.816
0.542
0.522
0.784
0.571
0.906
0.68
0.79
0.997
0.696
0.66
0.198
0.516
0.828
0.773
0.617
0.591
0.613
0.852
0.416
0.492
0.715
0.84
0.717
0.733
0.796
0.76
0.422
0.311
0.672
0.648
0.652
0.947
0.825
0.466
0.678
0.909
0.74
0.583
0.901
0.778
0.511
0.646
0.739
0.934
0.525
0.784
0.777
0.514
0.91
0.762
0.852
0.506
0.275
0.716
0.79
0.771
0.638
0.911
0.891
0.523
0.951
0.84
0.62
0.645
0.656
0.43
0.337
0.615
0.358
0.919
0.29
0.642
0.857
0.413
0.634
0.409
0.229
0.904
0.812
0.498
0.973
0.155
0.871
0.676
0.594
0.918
0.754
0.626
0.939
0.782
0.947
0.532
0.264
0.564
0.817
0.917
0.516
0.34
0.809
0.346
0.793
0.771
0.61
0.988
0.838
0.43
0.85
0.864
0.661
0.395
0.268
0.457
0.671
0.937
0.334
0.629
0.894
0.197
0.619
0.887
0.796
0.487
0.913
0.756
0.816
0.37
0.729
0.669
0.234
0.633
0.518
0.812
0.591
0.648
0.765
0.782
0.897
0.618
0.702
0.596
0.619
0.682
0.403
0.542
0.619
0.355
0.859
0.708
0.366
0.731
0.624
0.273
0.877
0.662
0.797
0.704
0.419
0.883
0.743
0.604
0.376
0.866
0.499
0.696
0.467
0.649
0.541
0.929
0.456
0.903
0.767
0.494
0.761
0.824
0.451
0.841
0.912
0.871
0.795
0.721
0.929
0.919
0.203
0.729
0.416
0.729
0.956
0.856
0.384
0.817
0.563
0.857
0.836
0.758
0.938
0.602
0.291
0.769
0.712
0.527
0.922
0.756
0.53
0.845
0.711
0.858
0.689
0.633
0.534
0.855
0.952
0.71
0.846
0.519
0.816
0.911
0.356
0.673
0.704
0.843
0.599
0.305
0.66
0.398
0.731
0.405
0.782
0.453
0.958
0.429
0.8
0.692
0.306
0.749
0.842
0.783
0.329
0.922
0.557
0.685
0.557
0.74
0.615
0.781
0.877
0.402
0.672
0.549
0.772
0.767
0.451
0.822
0.616
0.71
0.81
0.568
0.507
0.838
0.538
0.31
0.925
0.786
0.859
0.534
0.413
0.266
0.866
0.359
0.359
0.288
0.759
0.674
0.69
0.528
0.471
0.325
0.365
0.441
0.718
0.188
0.832
0.701
0.666
0.561
0.692
0.877
0.678
0.731
0.872
0.669
0.876
0.504
0.553
0.792
0.45
0.746
0.61
0.652
0.793
0.567
0.553
0.728
0.63
0.921
0.54
0.717
0.408
0.879
0.652
0.439
0.794
0.947
0.821
0.73
0.799
0.503
0.477
0.884
0.944
0.744
0.593
0.761
0.969
0.951
0.538
0.941
0.801
0.67
0.213
0.29
0.758
0.774
0.933
0.584
0.921
0.754
0.835
0.327
0.791
0.949
0.214
0.795
0.806
0.362
0.673
0.521
0.716
0.432
0.496
0.457
0.56
0.825
0.162
0.507
0.291
0.449
0.505
0.894
0.282
0.233
0.608
0.686
0.368
0.721
0.65
0.816
0.929
0.948
0.659
0.644
0.659
0.324
0.929
0.933
0.709
0.248
0.546
0.648
0.496
0.627
0.849
0.568
0.465
0.653
0.947
0.671
0.794
0.361
0.928
0.882
0.713
0.628
0.594
0.195
0.725
0.878
0.817
0.864
0.908
0.718
0.89
0.655
0.94
0.73
0.754
0.521
0.68
0.704
0.59
0.858
0.927
0.818
0.811
0.937
0.434
0.618
0.257
0.775
0.718
0.712
0.751
0.432
0.542
0.759
0.173
0.333
0.942
0.844
0.745
0.506
0.256
0.32
0.601
0.192
0.716
0.7
0.467
0.819
0.571
0.469
0.945
0.268
0.745
0.344
0.248
0.878
0.738
0.815
0.817
0.887
0.883
0.933
0.717
0.73
0.989
0.962
0.964
0.808
0.913
0.496
0.915
0.631
0.712
0.294
0.851
0.514
0.383
0.716
0.885
0.269
0.857
0.693
0.751
0.777
0.393
0.371
0.945
0.979
0.918
0.398
0.597
0.901
0.603
0.671
0.444
0.685
0.452
0.95
0.684
0.695
0.625
0.523
0.835
0.781
0.9
0.686
0.165
0.927
0.775
0.238
0.832
0.362
0.488
0.486
0.72
0.517
0.716
0.741
0.287
0.532
0.335
0.264
0.35
0.587
0.63
0.613
0.787
0.774
0.558
0.789
0.623
0.619
0.618
0.395
0.447
0.37
0.812
0.412
0.247
0.704
0.25
0.84
0.78
0.72
0.936
0.812
0.727
0.635
0.687
0.555
0.702
0.888
0.462
0.94
0.348
0.951
0.893
0.884
0.813
0.453
0.543
0.654
0.578
0.537
0.352
0.811
0.529
0.621
0.498
0.36
0.904
0.58
0.806
0.962
0.766
0.747
0.52
0.78
0.715
0.621
0.451
0.742
0.601
0.563
0.763
0.809
0.605
0.859
0.336
0.643
0.36
0.98
0.296
0.784
0.887
0.772
0.838
0.807
0.884
0.762
0.676
0.203
0.267
0.783
0.778
0.569
0.88
0.744
0.395
0.842
0.914
0.765
0.706
0.913
0.78
0.838
0.594
0.734
0.577
0.482
0.904
0.909
0.433
0.5
0.55
0.897
0.548
0.593
0.438
0.612
0.406
0.954
0.883
0.556
0.238
0.249
0.518
0.348
0.234
0.218
0.851
0.392
0.761
0.519
0.849
0.825
0.336
0.56
0.784
0.769
0.655
0.812
0.725
0.699
0.452
0.951
0.715
0.788
0.745
0.408
0.678
0.948
0.67
0.522
0.727
0.361
0.448
0.732
0.705
0.539
0.492
0.564
0.792
0.684
0.711
0.377
0.895
0.41
0.436
0.758
0.848
0.837
0.427
0.629
0.516
0.87
0.788
0.459
0.55
0.424
0.632
0.242
0.823
0.648
0.946
0.952
0.73
0.924
0.513
0.948
0.559
0.475
0.747
0.36
0.851
0.707
0.895
0.572
0.872
0.361
0.703
0.74
0.807
0.807
0.669
0.222
0.562
0.786
0.888
0.45
0.865
0.672
0.926
0.544
0.276
0.291
0.708
0.908
0.927
0.838
0.51
0.196
0.235
0.781
0.712
0.354
0.854
0.716
0.842
0.737
0.948
0.762
0.447
0.393
0.739
0.741
0.723
0.185
0.882
0.777
0.797
0.868
0.5
0.313
0.891
0.325
0.562
0.292
0.339
0.851
0.451
0.494
0.683
0.635
0.568
0.975
0.536
0.613
0.873
0.44
0.661
0.681
0.963
0.865
0.852
0.867
0.733
0.882
0.882
0.407
0.351
0.835
0.602
0.456
0.386
0.819
0.777
0.453
0.462
0.753
0.416
0.634
0.597
0.594
0.637
0.427
0.633
0.93
0.403
0.946
0.359
0.388
0.708
0.811
0.261
0.486
0.91
0.77
0.797
0.953
0.494
0.672
0.225
0.427
0.618
0.682
0.749
0.72
0.801
0.478
0.995
0.445
0.735
0.633
0.91
0.783
0.565
0.779
0.803
0.546
0.574
0.704
0.547
0.393
0.834
0.8
0.739
0.724
0.831
0.901
0.736
0.367
0.63
0.751
0.554
0.914
0.284
0.556
0.674
0.893
0.755
0.581
0.767
0.588
0.846
0.803
0.853
0.977
0.583
0.851
0.892
0.401
0.825
0.957
0.963
0.779
0.794
0.742
0.93
0.67
0.801
0.375
0.39
0.911
0.709
0.907
0.754
0.56
0.611
0.738
0.421
0.801
0.691
0.383
0.545
0.357
0.941
0.24
0.56
0.518
0.873
0.772
0.439
0.749
0.665
0.74
0.862
0.798
0.534
0.648
0.61
0.891
0.814
0.487
0.649
0.842
0.442
0.643
0.654
0.78
0.538
0.578
0.746
0.355
0.572
0.829
0.727
0.66
0.711
0.895
0.349
0.858
0.72
0.779
0.864
0.808
0.823
0.798
0.939
0.679
0.837
0.916
0.791
0.206
0.931
0.543
0.177
0.824
0.787
0.857
0.671
0.747
0.531
0.89
0.417
0.838
0.612
0.474
0.279
0.824
0.796
0.7
0.23
0.471
0.809
0.242
0.856
0.51
0.744
0.841
0.301
0.837
0.754
0.993
0.434
0.718
0.901
0.449
0.429
0.906
0.835
0.896
0.619
0.763
0.824
0.361
0.757
0.879
0.932
0.224
0.757
0.296
0.797
0.324
0.372
0.386
0.42
0.754
0.938
0.3
0.609
0.826
0.734
0.726
0.66
0.767
0.886
0.514
0.952
0.774
0.445
0.868
0.891
0.824
0.617
0.916
0.485
0.836
0.632
0.489
0.979
0.632
0.315
0.668
0.676
0.325
0.854
0.98
0.462
0.779
0.504
0.2
0.747
0.521
0.927
0.907
0.861
0.736
0.478
0.812
0.503
0.653
0.729
0.681
0.627
0.726
0.929
0.595
0.842
0.487
0.939
0.292
0.968
0.786
0.228
0.557
0.828
0.866
0.491
0.559
0.714
0.817
0.631
0.757
0.883
0.963
0.771
0.187
0.871
0.935
0.256
0.881
0.303
0.421
0.591
0.858
0.508
0.491
0.223
0.46
0.75
0.492
0.525
0.955
0.647
0.957
0.627
0.285
0.618
0.788
0.915
0.813
0.316
0.86
0.806
0.601
0.894
0.776
0.919
0.738
0.708
0.672
0.353
0.414
0.267
0.441
0.675
0.886
0.853
0.545
0.669
0.798
0.773
0.688
0.488
0.65
0.626
0.812
0.978
0.783
0.31
0.332
0.685
0.703
0.663
0.915
0.574
0.572
0.193
0.786
0.62
0.385
0.949
0.91
0.728
0.946
0.632
0.545
0.51
0.181
0.611
0.859
0.981
0.597
0.191
0.882
0.78
0.526
0.897
0.8
0.865
0.807
0.875
0.989
0.683
0.819
0.783
0.287
0.91
0.949
0.471
0.593
0.378
0.526
0.57
0.725
0.971
0.56
0.757
0.394
0.876
0.451
0.391
0.926
0.169
0.57
0.297
0.349
0.42
0.823
0.249
0.806
0.371
0.654
0.421
0.596
0.224
0.682
0.723
0.656
0.795
0.753
0.979
0.613
0.722
0.542
0.703
0.347
0.831
0.903
0.63
0.624
0.959
0.684
0.424
0.825
0.829
0.74
0.672
0.741
0.637
0.587
0.819
0.644
0.726
0.858
0.434
0.822
0.388
0.746
0.423
0.62
0.494
0.718
0.626
0.43
0.457
0.838
0.915
0.648
0.853
0.467
0.781
0.827
0.698
0.912
0.793
0.502
0.748
0.823
0.272
0.356
0.981
0.798
0.322
0.274
0.758
0.974
0.33
0.705
0.742
0.545
0.576
0.541
0.82
0.798
0.773
0.794
0.906
0.536
0.712
0.342
0.603
0.781
0.198
0.76
0.656
0.512
0.748
0.716
0.924
0.783
0.501
0.737
0.737
0.872
0.735
0.51
0.858
0.552
0.652
0.678
0.587
0.781
0.769
0.826
0.285
0.428
0.577
0.866
0.604
0.198
0.429
0.505
0.746
0.887
0.805
0.692
0.615
0.752
0.667
0.604
0.417
0.842
0.475
0.692
0.799
0.849
0.753
0.907
0.762
0.503
0.457
0.454
0.823
0.503
0.577
0.706
0.779
0.694
0.823
0.583
0.669
0.631
0.439
0.745
0.542
0.901
0.192
0.73
0.309
0.571
0.65
0.758
0.899
0.281
0.244
0.678
0.27
0.393
0.237
0.957
0.578
0.537
0.646
0.139
0.875
0.688
0.35
0.533
0.503
0.679
0.46
0.243
0.774
0.913
0.514
0.875
0.942
0.507
0.935
0.703
0.825
0.458
0.643
0.392
0.912
0.571
0.205
0.809
0.734
0.594
0.632
0.712
0.345
0.655
0.501
0.853
0.241
0.826
0.731
0.829
0.801
0.873
0.436
0.47
0.594
0.908
0.359
0.722
0.899
0.833
0.847
0.963
0.64
0.599
0.908
0.925
0.932
0.236
0.779
0.964
0.435
0.601
0.873
0.227
0.36
0.757
0.366
0.844
0.153
0.692
0.737
0.33
0.684
0.737
0.912
0.289
0.867
0.955
0.62
0.772
0.761
0.824
0.454
0.56
0.376
0.267
0.938
0.398
0.784
0.876
0.703
0.702
0.41
0.455
0.775
0.774
0.738
0.626
0.596
0.442
0.858
0.95
0.747
0.652
0.51
0.903
0.565
0.868
0.843
0.819
0.433
0.442
0.754
0.878
0.669
0.657
0.8
0.644
0.468
0.815
0.646
0.969
0.4
0.552
0.721
0.853
0.742
0.853
0.665
0.895
0.523
0.442
0.917
0.904
0.95
0.676
0.58
0.233
0.631
0.4
0.545
0.838
0.345
0.902
0.929
0.934
0.805
0.606
0.887
0.326
0.807
0.789
0.624
0.703
0.865
0.458
0.324
0.217
0.679
0.796
0.483
0.867
0.377
0.695
0.965
0.613
0.54
0.661
0.487
0.834
0.596
0.724
0.687
0.791
0.745
0.347
0.936
0.275
0.482
0.814
0.358
0.335
0.787
0.602
0.852
0.951
0.597
0.451
0.883
0.24
0.707
0.895
0.414
0.862
0.915
0.773
0.52
0.928
0.508
0.797
0.597
0.556
0.44
0.533
0.667
0.48
0.366
0.795
0.206
0.872
0.684
0.938
0.726
0.743
0.37
0.478
0.633
0.648
0.744
0.912
0.586
0.884
0.833
0.374
0.83
0.425
0.542
0.801
0.447
0.901
0.901
0.993
0.865
0.443
0.72
0.65
0.784
0.621
0.819
0.723
0.914
0.912
0.57
0.78
0.745
0.217
0.777
0.983
0.54
0.821
0.672
0.668
0.42
0.425
0.927
0.489
0.458
0.384
0.727
0.624
0.404
0.499
0.58
0.381
0.777
0.542
0.893
0.539
0.813
0.566
0.313
0.612
0.57
0.722
0.474
0.681
0.794
0.751
0.721
0.917
0.472
0.722
0.145
0.575
0.83
0.801
0.327
0.892
0.765
0.923
0.466
0.814
0.73
0.953
0.941
0.623
0.551
0.747
0.907
0.529
0.92
0.333
0.365
0.693
0.854
0.611
0.63
0.48
0.355
0.304
0.811
0.342
0.88
0.606
0.882
0.753
0.897
0.771
0.764
0.836
0.65
0.622
0.823
0.738
0.845
0.437
0.98
0.879
0.613
0.723
0.615
0.383
0.711
0.851
0.893
0.701
0.83
0.938
0.738
0.425
0.81
0.901
0.337
0.554
0.784
0.883
0.721
0.191
0.242
0.71
0.278
0.803
0.506
0.37
0.79
0.914
0.659
0.715
0.66
0.568
0.37
0.575
0.798
0.852
0.144
0.4
0.946
0.461
0.314
0.762
0.215
0.777
0.855
0.813
0.848
0.88
0.454
0.722
0.819
0.839
0.608
0.808
0.466
0.817
0.784
0.471
0.984
0.717
0.259
0.416
0.649
0.811
0.548
0.422
0.739
0.964
0.658
0.862
0.634
0.719
0.098
0.806
0.962
0.634
0.745
0.507
0.722
0.933
0.637
0.685
0.507
0.67
0.868
0.601
0.627
0.917
0.569
0.298
0.37
0.478
0.215
0.238
0.787
0.748
0.69
0.912
0.48
0.437
0.899
0.46
0.293
0.437
0.563
0.369
0.368
0.255
0.378
0.476
0.661
0.592
0.378
0.843
0.35
0.881
0.231
0.258
0.901
0.499
0.873
0.476
0.653
0.8
0.822
0.786
0.629
0.804
0.296
0.585
0.782
0.607
0.757
0.894
0.497
0.511
0.331
0.452
0.91
0.875
0.814
0.711
0.663
0.498
0.585
0.844
0.611
0.162
0.51
0.791
0.151
0.849
0.643
0.6
0.7
0.621
0.354
0.967
0.872
0.859
0.301
0.823
0.342
0.132
0.539
0.525
0.485
0.764
0.829
0.75
0.764
0.451
0.942
0.833
0.561
0.504
0.884
0.782
0.494
0.59
0.87
0.613
0.896
0.895
0.522
0.898
0.506
0.336
0.615
0.968
0.833
0.555
0.627
0.349
0.495
0.518
0.735
0.984
0.602
0.529
0.664
0.982
0.521
0.719
0.851
0.928
0.411
0.885
0.985
0.518
0.623
0.643
0.675
0.964
0.897
0.674
0.659
0.606
0.95
0.913
0.629
0.442
0.248
0.264
0.492
0.913
0.677
0.729
0.601
0.612
0.932
0.593
0.735
0.387
0.243
0.226
0.617
0.544
0.572
0.708
0.755
0.961
0.897
0.756
0.718
0.583
0.651
0.859
0.783
0.669
0.341
0.7
0.289
0.251
0.883
0.821
0.545
0.427
0.525
0.777
0.788
0.577
0.65
0.235
0.693
0.635
0.305
0.555
0.445
0.693
0.856
0.667
0.88
0.878
0.713
0.576
0.869
0.534
0.692
0.532
0.688
0.509
0.67
0.99
0.469
0.459
0.514
0.507
0.557
0.305
0.394
0.442
0.806
0.701
0.922
0.406
0.359
0.692
0.417
0.643
0.752
0.526
0.774
0.932
0.722
0.857
0.409
0.838
0.549
0.846
0.942
0.694
0.8
0.682
0.269
0.883
0.291
0.701
0.703
0.569
0.649
0.865
0.881
0.902
0.86
0.93
0.895
0.375
0.316
0.47
0.885
0.845
0.427
0.358
0.302
0.802
0.195
0.401
0.762
0.925
0.443
0.236
0.95
0.758
0.71
0.818
0.506
0.204
0.654
0.578
0.382
0.689
0.408
0.66
0.428
0.505
0.869
0.729
0.81
0.954
0.946
0.835
0.489
0.468
0.5
0.92
0.887
0.736
0.851
0.8
0.403
0.932
0.34
0.22
0.531
0.448
0.418
0.728
0.882
0.745
0.431
0.57
0.795
0.34
0.519
0.577
0.58
0.615
0.273
0.467
0.69
0.198
0.648
0.644
0.65
0.836
0.422
0.588
0.898
0.279
0.812
0.366
0.893
0.712
0.775
0.709
0.876
0.413
0.117
0.619
0.683
0.863
0.72
0.804
0.636
0.695
0.51
0.515
0.843
0.504
0.323
0.293
0.714
0.463
0.441
0.609
0.772
0.293
0.963
0.905
0.494
0.494
0.334
0.855
0.594
0.478
0.73
0.522
0.835
0.657
0.9
0.365
0.402
0.682
0.781
0.813
0.41
0.55
0.863
0.947
0.443
0.927
0.769
0.483
0.407
0.957
0.763
0.947
0.52
0.735
0.755
0.606
0.949
0.727
0.693
0.275
0.756
0.729
0.749
0.324
0.259
0.929
0.445
0.336
0.603
0.882
0.626
0.845
0.478
0.935
0.583
0.551
0.439
0.546
0.73
0.509
0.415
0.659
0.707
0.173
0.271
0.26
0.277
0.316
0.296
0.556
0.511
0.648
0.885
0.351
0.339
0.885
0.879
0.872
0.635
0.778
0.843
0.59
0.73
0.184
0.763
0.504
0.724
0.591
0.437
0.542
0.703
0.289
0.863
0.664
0.615
0.546
0.701
0.369
0.9
0.346
0.886
0.755
0.767
0.35
0.393
0.887
0.938
0.27
0.874
0.872
0.546
0.317
0.428
0.723
0.595
0.396
0.772
0.872
0.312
0.809
0.332
0.826
0.826
0.714
0.756
0.74
0.688
0.533
0.621
0.858
0.889
0.57
0.624
0.522
0.633
0.726
0.795
0.916
0.818
0.864
0.846
0.622
0.663
0.427
0.465
0.986
0.463
0.689
0.49
0.753
0.769
0.888
0.858
0.389
0.53
0.67
0.623
0.873
0.538
0.832
0.714
0.628
0.909
0.928
0.815
0.229
0.913
0.918
0.82
0.884
0.321
0.797
0.642
0.771
0.534
0.692
0.52
0.405
0.595
0.571
0.322
0.328
0.427
0.956
0.767
0.691
0.339
0.596
0.745
0.918
0.625
0.588
0.847
0.437
0.58
0.572
0.921
0.841
0.513
0.797
0.657
0.231
0.857
0.777
0.898
0.873
0.72
0.784
0.758
0.681
0.227
0.465
0.796
0.48
0.718
0.702
0.464
0.668
0.206
0.938
0.919
0.306
0.657
0.871
0.63
0.413
0.517
0.469
0.6
0.827
0.748
0.831
0.743
0.743
0.65
0.629
0.442
0.321
0.24
0.61
0.716
0.646
0.459
0.896
0.764
0.702
0.914
0.59
0.927
0.734
0.303
0.786
0.692
0.88
0.897
0.387
0.856
0.946
0.374
0.818
0.606
0.32
0.845
0.822
0.538
0.241
0.609
0.808
0.373
0.747
0.322
0.625
0.715
0.729
0.656
0.779
0.377
0.406
0.653
0.798
0.675
0.598
0.785
0.85
0.85
0.818
0.44
0.659
0.843
0.705
0.883
0.601
0.721
0.702
0.157
0.521
0.86
0.457
0.553
0.539
0.715
0.508
0.607
0.61
0.709
0.403
0.227
0.807
0.877
0.818
0.304
0.682
0.476
0.637
0.68
0.787
0.713
0.689
0.834
0.752
0.334
0.865
0.524
0.903
0.918
0.725
0.259
0.251
0.442
0.665
0.679
0.87
0.89
0.623
0.305
0.731
0.334
0.731
0.955
0.292
0.788
0.917
0.571
0.876
0.777
0.451
0.871
0.579
0.226
0.398
0.844
0.886
0.362
0.582
0.755
0.71
0.82
0.618
0.281
0.657
0.955
0.586
0.906
0.879
0.697
0.545
0.396
0.695
0.52
0.551
0.37
0.246
0.967
0.448
0.242
0.35
0.878
0.405
0.735
0.916
0.868
0.747
0.533
0.496
0.593
0.762
0.953
0.77
0.567
0.405
0.355
0.544
0.345
0.774
0.826
0.913
0.47
0.479
0.764
0.847
0.818
0.161
0.952
0.491
0.766
0.542
0.316
0.614
0.526
0.796
0.522
0.738
0.609
0.797
0.318
0.833
0.933
0.413
0.442
0.571
0.466
0.35
0.424
0.856
0.699
0.838
0.557
0.251
0.491
0.578
0.922
0.305
0.42
0.791
0.868
0.836
0.475
0.714
0.451
0.497
0.81
0.701
0.954
0.72
0.517
0.968
0.717
0.538
0.935
0.676
0.947
0.89
0.647
0.849
0.317
0.393
0.823
0.735
0.687
0.497
0.836
0.902
0.447
0.454
0.655
0.996
0.612
0.599
0.861
0.765
0.665
0.605
0.278
0.549
0.641
0.198
0.232
0.341
0.686
0.724
0.749
0.901
0.408
0.313
0.649
0.934
0.499
0.713
0.606
0.51
0.774
0.935
0.871
0.706
0.294
0.923
0.776
0.713
0.232
0.842
0.862
0.317
0.548
0.86
0.573
0.28
0.58
0.91
0.826
0.818
0.276
0.559
0.538
0.892
0.686
0.774
0.758
0.825
0.36
0.494
0.984
0.814
0.673
0.785
0.666
0.724
0.929
0.949
0.397
0.634
0.598
0.615
0.99
0.893
0.826
0.71
0.226
0.613
0.943
0.509
0.4
0.847
0.656
0.407
0.76
0.181
0.463
0.982
0.904
0.383
0.528
0.58
0.696
0.866
0.785
0.429
0.921
0.573
0.235
0.675
0.908
0.926
0.471
0.941
0.778
0.3
0.776
0.745
0.902
0.922
0.58
0.628
0.389
0.483
0.791
0.658
0.783
0.881
0.78
0.493
0.467
0.893
0.65
0.722
0.923
0.406
0.244
0.756
0.899
0.463
0.559
0.716
0.368
0.585
0.339
0.812
0.926
0.831
0.723
0.807
0.505
0.798
0.491
0.937
0.425
0.671
0.695
0.888
0.789
0.696
0.447
0.978
0.346
0.22
0.739
0.754
0.633
0.642
0.406
0.95
0.785
0.888
0.567
0.984
0.733
0.742
0.695
0.728
0.479
0.48
0.798
0.743
0.61
0.889
0.256
0.855
0.609
0.732
0.68
0.516
0.857
0.626
0.911
0.668
0.743
0.56
0.939
0.888
0.39
0.295
0.489
0.778
0.373
0.645
0.833
0.319
0.968
0.456
0.58
0.923
0.551
0.779
0.718
0.76
0.656
0.261
0.547
0.615
0.743
0.832
0.748
0.832
0.736
0.52
0.647
0.698
0.582
0.826
0.138
0.817
0.663
0.369
0.473
0.938
0.856
0.71
0.498
0.803
0.388
0.684
0.782
0.734
0.887
0.791
0.473
0.452
0.777
0.313
0.65
0.676
0.83
0.438
0.425
0.368
0.895
0.952
0.894
0.57
0.745
0.348
0.847
0.885
0.719
0.83
0.959
0.367
0.85
0.872
0.467
0.563
0.831
0.679
0.84
0.803
0.239
0.672
0.586
0.295
0.444
0.862
0.359
0.332
0.527
0.685
0.549
0.712
0.442
0.503
0.918
0.779
0.554
0.727
0.712
0.608
0.649
0.951
0.588
0.966
0.669
0.357
0.868
0.713
0.971
0.18
0.692
0.582
0.911
0.462
0.683
0.958
0.71
0.711
0.69
0.879
0.72
0.856
0.286
0.789
0.906
0.192
0.64
0.921
0.802
0.617
0.635
0.96
0.329
0.51
0.553
0.662
0.851
0.728
0.549
0.465
0.684
0.84
0.365
0.371
0.53
0.62
0.859
0.496
0.664
0.743
0.8
0.774
0.404
0.953
0.542
0.795
0.545
0.779
0.84
0.724
0.762
0.694
0.4
0.682
0.94
0.852
0.829
0.478
0.858
0.868
0.927
0.411
0.878
0.688
0.453
0.22
0.657
0.543
0.94
0.956
0.468
0.92
0.234
0.793
0.42
0.885
0.781
0.581
0.321
0.178
0.953
0.67
0.761
0.706
0.974
0.855
0.69
0.641
0.788
0.352
0.464
0.482
0.508
0.83
0.594
0.97
0.384
0.642
0.345
0.374
0.747
0.745
0.201
0.243
0.594
0.338
0.639
0.703
0.813
0.518
0.423
0.675
0.445
0.776
0.445
0.739
0.883
0.735
0.387
0.866
0.688
0.381
0.882
0.873
0.516
0.39
0.333
0.85
0.525
0.403
0.539
0.41
0.773
0.622
0.852
0.87
0.62
0.671
0.609
0.796
0.394
0.525
0.602
0.632
0.373
0.357
0.487
0.798
0.844
0.239
0.599
0.597
0.68
0.765
0.878
0.647
0.444
0.834
0.722
0.967
0.825
0.767
0.58
0.662
0.631
0.634
0.905
0.413
0.863
0.68
0.502
0.564
0.436
0.703
0.654
0.447
0.522
0.434
0.804
0.657
0.824
0.792
0.803
0.653
0.685
0.816
0.785
0.67
0.181
0.389
0.397
0.325
0.403
0.538
0.623
0.843
0.802
0.405
0.692
0.24
0.428
0.661
0.859
0.889
0.404
0.599
0.715
0.69
0.544
0.759
0.295
0.811
0.771
0.872
0.608
0.702
0.759
0.843
0.589
0.598
0.912
0.511
0.166
0.614
0.659
0.568
0.977
0.856
0.767
0.714
0.57
0.373
0.631
0.667
0.572
0.496
0.68
0.947
0.866
0.836
0.569
0.815
0.49
0.487
0.87
0.244
0.606
0.688
0.879
0.617
0.698
0.276
0.968
0.782
0.951
0.593
0.418
0.649
0.757
0.89
0.806
0.549
0.403
0.844
0.445
0.85
0.307
0.815
0.477
0.668
0.757
0.442
0.367
0.631
0.583
0.375
0.757
0.887
0.746
0.334
0.565
0.381
0.694
0.187
0.529
0.282
0.615
0.697
0.562
0.839
0.913
0.713
0.344
0.958
0.42
0.878
0.779
0.64
0.527
0.759
0.737
0.791
0.498
0.592
0.817
0.712
0.83
0.665
0.875
0.862
0.906
0.929
0.827
0.538
0.554
0.65
0.589
0.856
0.554
0.757
0.586
0.238
0.787
0.544
0.832
0.42
0.576
0.99
0.911
0.798
0.663
0.567
0.923
999999.0
0.402
0.866
0.566
0.351
0.699
0.713
0.675
0.609
0.82
0.906
0.754
0.873
0.853
0.971
0.927
0.857
0.643
0.306
0.733
0.636
0.729
0.572
0.727
0.804
0.3
0.862
0.505
0.26
0.716
0.731
0.611
0.708
0.932
0.636
0.48
0.405
0.709
0.204
0.684
0.833
0.79
0.747
0.688
0.767
0.711
0.627
0.797
0.931
0.303
0.342
0.915
0.762
0.928
0.841
0.769
0.94
0.513
0.857
0.908
0.755
0.763
0.602
0.507
0.356
0.839
0.65
0.79
0.312
0.71
0.718
0.891
0.818
0.517
0.674
0.605
0.709
0.558
0.692
0.26
0.928
0.462
0.758
0.673
0.418
0.663
0.48
0.808
0.61
0.523
0.762
0.864
0.81
0.933
0.51
0.578
0.864
0.689
0.601
0.701
0.552
0.453
0.854
0.755
0.712
0.449
0.465
0.646
0.649
0.612
0.316
0.725
0.713
0.352
0.698
0.925
0.978
0.438
0.698
0.754
0.762
0.867
0.954
0.672
0.904
0.359
0.461
0.369
0.963
0.448
0.798
0.305
0.667
0.79
0.989
0.681
0.61
0.701
0.731
0.836
0.545
0.925
0.57
0.928
0.883
0.621
0.926
0.495
0.503
0.668
0.693
0.154
0.384
0.404
0.338
0.738
0.284
0.862
0.927
0.724
0.709
0.522
0.612
0.293
0.908
0.805
0.81
0.839
0.967
0.44
0.734
0.609
0.553
0.921
0.751
0.698
0.794
0.655
0.637
0.198
0.402
0.214
0.891
0.753
0.484
0.554
0.826
0.613
0.369
0.772
0.722
0.271
0.603
0.498
0.753
0.92
0.904
0.881
0.865
0.851
0.473
0.956
0.266
0.535
0.805
0.809
0.464
0.849
0.851
0.701
0.618
0.323
0.754
0.718
0.804
0.888
0.747
0.718
0.741
0.583
0.604
0.497
0.369
0.254
0.893
0.369
0.65
0.599
0.974
0.856
0.854
0.872
0.522
0.882
0.948
0.864
0.717
0.359
0.386
0.756
0.911
0.786
0.653
0.577
0.785
0.801
0.697
0.237
0.962
0.534
0.903
0.501
0.188
0.872
0.272
0.838
0.701
0.855
0.444
0.752
0.814
0.845
0.949
0.657
0.947
0.857
0.871
0.621
0.974
0.717
0.579
0.647
0.714
0.741
0.643
0.9
0.548
0.165
0.832
0.762
0.78
0.647
0.95
0.245
0.181
0.439
0.598
0.757
0.28
0.613
0.743
0.212
0.299
0.646
0.68
0.569
0.747
0.675
0.309
0.465
0.789
0.749
0.087
0.75
0.771
0.703
0.573
0.18
0.707
0.819
0.727
0.808
0.526
0.712
0.769
0.856
0.521
0.748
0.807
0.645
0.747
0.926
0.845
0.394
0.839
0.843
0.491
0.917
0.262
0.815
0.793
0.263
0.58
0.929
0.945
0.906
0.876
0.674
0.971
0.579
0.427
0.744
0.906
0.643
0.734
0.753
0.602
0.754
0.453
0.699
0.436
0.239
0.295
0.821
0.675
0.323
0.855
0.556
0.305
0.725
0.905
0.74
0.58
0.9
0.942
0.625
0.637
0.275
0.479
0.726
0.573
0.943
0.159
0.952
0.604
0.554
0.861
0.521
0.496
0.374
0.369
0.872
0.685
0.617
0.942
0.909
0.597
0.971
0.491
0.902
0.411
0.687
0.823
0.508
0.707
0.981
0.315
0.635
0.628
0.658
0.935
0.807
0.689
0.658
0.853
0.331
0.59
0.725
0.549
0.817
0.976
0.474
0.771
0.884
0.603
0.849
0.572
0.772
0.529
0.712
0.715
0.639
0.59
0.513
0.656
0.223
0.828
0.384
0.418
0.61
0.799
0.656
0.771
0.707
0.668
0.834
0.612
0.79
0.617
0.293
0.507
0.902
0.803
0.898
0.503
0.727
0.62
0.729
0.754
0.941
0.9
0.391
0.899
0.78
0.72
0.728
0.866
0.71
0.787
0.367
0.39
0.359
0.504
0.896
0.467
0.715
0.903
0.946
0.797
0.543
0.978
0.531
0.739
0.975
0.206
0.77
0.802
0.831
0.923
0.215
0.768
0.714
0.707
0.73
0.848
0.435
0.706
0.698
0.619
0.852
0.589
0.867
0.48
0.829
0.612
0.578
0.691
0.918
0.586
0.893
0.703
0.628
0.26
0.197
0.747
0.576
0.887
0.834
0.781
0.816
0.741
0.573
0.729
0.941
0.806
0.542
0.717
0.865
0.773
0.859
0.74
0.866
0.889
0.82
0.876
0.472
0.414
0.796
0.977
0.78
0.713
0.729
0.624
0.409
0.771
0.466
0.322
0.529
0.442
0.731
0.897
0.708
0.255
0.697
0.978
0.849
0.65
0.623
0.826
0.8
0.879
0.569
0.875
0.22
0.854
0.59
0.274
0.223
0.951
0.21
0.203
0.634
0.546
0.848
0.613
0.584
0.491
0.4
0.606
0.461
0.843
0.61
0.935
0.772
0.657
0.503
0.836
0.598
0.506
0.585
0.326
0.546
0.53
0.617
0.431
0.966
0.776
0.218
0.504
0.629
0.56
0.872
0.391
0.729
0.634
0.854
0.352
0.689
0.697
0.753
0.508
0.33
0.475
0.448
0.83
0.819
0.872
0.664
0.882
0.642
0.428
0.861
0.833
0.479
0.449
0.608
0.451
0.779
0.766
0.804
0.256
0.284
0.725
0.9
0.924
0.641
0.174
0.638
0.243
0.518
0.643
0.828
0.512
0.732
0.404
0.823
0.64
0.504
0.802
0.686
0.532
0.908
0.88
0.725
0.802
0.967
0.677
0.934
0.671
0.896
0.185
0.98
0.277
0.808
0.604
0.31
0.517
0.215
0.857
0.872
0.726
0.597
0.727
0.841
0.574
0.228
0.808
0.391
0.644
0.304
0.724
0.856
0.875
0.942
0.817
0.749
0.385
0.832
0.937
0.74
0.579
0.429
0.62
0.731
0.467
0.539
0.629
0.237
0.905
0.806
0.541
0.94
0.613
0.182
0.538
0.722
0.197
0.901
0.619
0.913
0.756
0.741
0.604
0.462
0.661
0.575
0.381
0.578
0.548
0.931
0.799
0.328
0.555
0.955
0.935
0.867
0.769
0.73
0.712
0.637
0.376
0.25
0.906
0.547
0.513
0.948
0.733
0.694
0.831
0.432
0.694
0.557
0.606
0.81
0.725
0.732
0.913
0.885
0.736
0.709
0.703
0.544
0.752
0.708
0.887
0.566
0.579
0.476
0.922
0.783
0.452
0.755
0.942
0.706
0.705
0.746
0.919
0.416
0.703
0.559
0.673
0.997
0.577
0.801
0.921
0.443
0.544
0.774
0.502
0.407
0.459
0.871
0.468
0.445
0.701
0.624
0.244
0.916
0.422
0.611
0.644
0.63
0.905
0.255
0.538
0.952
0.808
0.819
0.702
0.496
0.579
0.647
0.384
0.947
0.885
0.89
0.755
0.308
0.286
0.82
0.56
0.947
0.818
0.4
0.869
0.803
0.48
0.629
0.467
0.781
0.822
0.298
0.56
0.653
0.764
0.497
0.49
0.885
0.662
0.782
0.683
0.381
0.714
0.837
0.489
0.743
0.94
0.485
0.66
0.179
0.844
0.573
0.578
0.967
0.355
0.385
0.158
0.237
0.39
0.348
0.258
0.404
0.797
0.875
0.478
0.921
0.737
0.804
0.72
0.657
0.341
0.245
0.522
0.296
0.943
0.624
0.576
0.928
0.701
0.826
0.949
0.399
0.622
0.396
0.933
0.764
0.763
0.253
0.853
0.345
0.868
0.932
0.874
0.418
0.777
0.413
0.875
0.871
0.673
0.473
0.305
0.81
0.585
0.629
0.308
0.73
0.771
0.883
0.766
0.878
0.371
0.532
0.445
0.319
0.16
0.677
0.849
0.716
0.527
0.733
0.753
0.599
0.837
0.496
0.325
0.982
0.421
0.954
0.94
0.55
0.717
0.888
0.797
0.843
0.685
0.888
0.773
0.797
0.877
0.457
0.714
0.938
0.643
0.802
0.858
0.887
0.934
0.962
0.792
0.718
0.806
0.735
0.648
0.782
0.748
0.697
0.674
0.883
0.512
0.69
0.734
0.682
0.904
0.575
0.714
0.667
0.52
0.748
0.885
0.743
0.898
0.832
0.277
0.597
0.888
0.718
0.719
0.872
0.596
0.325
0.498
0.647
0.918
0.955
0.741
0.595
0.888
0.416
0.81
0.805
0.754
0.779
0.572
0.67
0.777
0.713
0.453
0.547
0.688
0.555
0.827
0.411
0.649
0.792
0.407
0.884
0.849
0.595
0.86
0.51
0.305
0.749
0.258
0.259
0.701
0.334
0.508
0.254
0.848
0.421
0.963
0.436
0.586
0.788
0.699
0.695
0.553
0.841
0.809
0.852
0.933
0.496
0.894
0.784
0.728
0.832
0.833
0.252
0.749
0.619
0.711
0.657
0.27
0.594
0.85
0.532
0.412
0.628
0.566
0.806
0.884
0.539
0.96
0.419
0.169
0.7
0.484
0.928
0.863
0.769
0.752
0.869
0.419
0.664
0.69
0.491
0.642
0.868
0.548
0.963
0.699
0.912
0.69
0.99
0.704
0.497
0.439
0.255
0.792
0.668
0.994
0.954
0.934
0.27
0.972
0.922
0.761
0.642
0.493
0.902
0.537
0.824
0.305
0.324
0.771
0.92
0.437
0.696
0.533
0.439
0.967
0.488
0.603
0.741
0.323
0.68
0.522
0.532
0.826
0.988
0.927
0.674
0.514
0.93
0.388
0.903
0.552
0.223
0.263
0.672
0.828
0.875
0.807
0.669
0.39
0.183
0.896
0.433
0.747
0.833
0.888
0.704
0.961
0.927
0.643
0.853
0.864
0.748
0.782
0.373
0.864
0.794
0.918
0.515
0.486
0.493
0.62
0.749
0.79
0.532
0.866
0.908
0.564
0.635
0.717
0.848
0.784
0.366
0.383
0.867
0.777
0.828
0.55
0.826
0.614
0.552
0.85
0.934
0.418
0.152
0.655
0.963
0.834
0.463
0.747
0.41
0.748
0.966
0.812
0.906
0.808
0.713
0.937
0.171
0.525
0.987
0.94
0.701
0.686
0.663
0.625
0.786
0.862
0.877
0.793
0.276
0.901
0.639
0.386
0.37
0.879
0.284
0.845
0.384
0.591
0.481
0.516
0.796
0.519
0.46
0.767
0.75
0.62
0.886
0.52
0.796
0.873
0.467
0.901
0.718
0.486
0.719
0.554
0.79
0.823
0.678
0.804
0.306
0.988
0.847
0.88
0.267
0.826
0.495
0.822
0.887
0.901
0.851
0.377
0.788
0.639
0.676
0.453
0.78
0.211
0.746
0.959
0.861
0.675
0.898
0.55
0.559
0.642
0.638
0.924
0.817
0.579
0.669
0.573
0.741
0.859
0.878
0.939
0.596
0.652
0.615
0.558
0.883
0.868
0.596
0.717
0.764
0.703
0.581
0.643
0.736
0.616
0.709
0.337
0.791
0.716
0.749
0.697
0.799
0.733
0.312
0.385
0.744
0.746
0.572
0.899
0.881
0.959
0.852
0.4
0.906
0.721
0.579
0.77
0.25
0.394
0.661
0.848
0.901
0.641
0.364
0.844
0.905
0.954
0.934
0.808
0.473
0.98
0.833
0.623
0.83
0.516
0.446
0.338
0.913
0.4
0.505
0.456
0.55
0.757
0.823
0.889
0.74
0.94
0.855
0.832
0.669
0.774
0.757
0.327
0.404
0.743
0.217
0.711
0.712
0.473
0.47
0.334
0.775
0.79
0.773
0.389
0.651
0.657
0.38
0.92
0.944
0.868
0.83
0.681
0.649
0.245
0.417
0.297
0.522
0.636
0.582
0.79
0.685
0.868
0.885
0.66
0.513
0.93
0.744
0.867
0.494
0.612
0.636
0.963
0.614
0.415
0.557
0.744
0.927
0.696
0.794
0.518
0.446
0.491
0.969
0.779
0.723
0.928
0.295
0.972
0.593
0.717
0.951
0.627
0.469
0.483
0.654
0.921
0.537
0.575
0.834
0.746
0.388
0.435
0.896
0.711
0.536
0.563
0.531
0.939
0.376
0.35
0.522
0.729
0.829
0.652
0.707
0.43
0.917
0.232
0.376
0.908
0.787
0.889
0.906
0.863
0.589
0.425
0.679
0.613
0.168
0.752
0.205
0.863
0.418
0.611
0.859
0.539
0.63
0.507
0.161
0.734
0.697
0.793
0.79
0.879
0.875
0.273
0.365
0.726
0.531
0.377
0.817
0.6
0.778
0.723
0.838
0.86
0.454
0.656
0.245
0.471
0.547
0.648
0.867
0.421
0.603
0.574
0.403
0.929
0.588
0.912
0.87
0.741
0.704
0.773
0.244
0.668
0.607
0.84
0.694
0.597
0.975
0.954
0.669
0.94
0.854
0.491
0.981
0.647
0.231
0.381
0.635
0.648
0.656
0.34
0.788
0.621
0.231
0.687
0.532
0.784
0.698
0.715
0.88
0.808
0.303
0.649
0.317
0.635
0.846
0.941
0.59
0.329
0.172
0.494
0.543
0.877
0.486
0.379
0.888
0.716
0.605
0.315
0.671
0.334
0.521
0.646
0.818
0.938
0.49
0.528
0.911
0.927
0.287
0.805
0.527
0.43
0.54
0.787
0.609
0.785
0.642
0.542
0.482
0.226
0.913
0.894
0.547
0.897
0.745
0.884
0.723
0.453
0.816
0.437
0.389
0.745
0.616
0.811
0.502
0.453
0.402
0.374
0.724
0.614
0.387
0.808
0.812
0.53
0.859
0.436
0.832
0.703
0.767
0.631
0.608
0.318
0.737
0.864
0.951
0.915
0.831
0.249
0.557
0.718
0.449
0.751
0.38
0.762
0.96
0.944
0.438
0.819
0.308
0.687
0.327
0.494
0.844
0.581
0.706
0.477
0.484
0.52
0.749
0.679
0.797
0.919
0.588
0.723
0.709
0.71
0.962
0.281
0.374
0.376
0.591
0.753
0.826
0.928
0.335
0.537
0.919
0.48
0.295
0.848
0.572
0.652
0.822
0.787
0.574
0.776
0.511
0.324
0.97
0.966
0.912
0.264
0.09
0.877
0.427
0.779
0.499
0.651
0.859
0.538
0.472
0.554
0.621
0.795
0.567
0.484
0.582
0.868
0.611
0.81
0.767
0.861
0.507
0.597
0.729
0.526
0.644
0.932
0.461
0.705
0.518
0.843
0.634
0.313
0.781
0.806
0.452
0.39
0.553
0.569
0.717
0.367
0.468
0.501
0.449
0.893
0.857
0.415
0.781
0.22
0.265
0.784
0.692
0.535
0.958
0.509
0.672
0.752
0.546
0.505
0.688
0.785
0.964
0.78
0.736
0.324
0.339
0.668
0.56
0.544
0.66
0.693
0.591
0.291
0.86
0.768
0.745
0.991
0.566
0.715
0.797
0.953
0.809
0.367
0.616
0.888
0.611
0.653
0.416
0.912
0.983
0.816
0.569
0.626
0.72
0.761
0.577
0.459
0.545
0.917
0.392
0.675
0.58
0.779
0.716
0.746
0.654
0.833
0.662
0.379
0.808
0.958
0.427
0.848
0.338
0.287
0.341
0.987
0.62
0.662
0.834
0.374
0.802
0.251
0.586
0.628
0.828
0.341
0.589
0.244
0.332
0.682
0.618
0.541
0.516
0.332
0.81
0.409
0.369
0.602
0.538
0.269
0.312
0.614
0.649
0.707
0.75
0.736
0.688
0.798
0.738
0.591
0.829
0.6
0.775
0.344
0.632
0.892
0.524
0.389
0.297
0.679
0.433
0.406
0.816
0.664
0.621
0.657
0.898
0.737
0.801
0.864
0.531
0.78
0.574
0.672
0.415
0.729
0.615
0.45
0.642
0.87
0.712
0.408
0.746
0.592
0.846
0.951
0.826
0.653
0.702
0.762
0.378
0.903
0.702
0.393
0.491
0.272
0.295
0.787
0.365
0.466
0.468
0.914
0.959
0.602
0.231
0.758
0.778
0.6
0.682
0.498
0.956
0.699
0.906
0.742
0.769
0.263
0.34
0.928
0.924
0.219
0.92
0.568
0.204
0.933
0.694
0.206
0.68
0.746
0.831
0.403
0.569
0.878
0.883
0.76
0.793
0.885
0.642
0.662
0.31
0.751
0.624
0.727
0.782
0.326
0.576
0.873
0.901
0.751
0.605
0.943
0.979
0.428
0.864
0.775
0.836
0.505
0.84
0.219
0.743
0.238
0.658
0.201
0.944
0.701
0.782
0.792
0.619
0.756
0.878
0.644
0.872
0.858
0.793
0.288
0.486
0.866
0.705
0.344
0.696
0.597
0.747
0.601
0.774
0.567
0.512
0.361
0.662
0.769
0.532
0.637
0.436
0.785
0.652
0.744
0.847
0.398
0.237
0.556
0.96
0.724
0.467
0.68
0.832
0.846
0.347
0.982
0.702
0.862
0.601
0.632
0.78
0.469
0.453
0.902
0.389
0.805
0.964
0.557
0.732
0.677
0.355
0.93
0.849
0.923
0.656
0.56
0.797
0.862
0.599
0.727
0.748
0.674
0.954
0.673
0.802
0.506
0.681
0.914
0.973
0.755
0.925
0.377
0.469
0.296
0.536
0.434
0.702
0.834
0.532
0.45
999999.0
0.884
0.451
0.489
0.844
0.877
0.222
0.656
0.648
0.876
0.215
0.798
0.57
0.755
0.584
0.85
0.634
0.487
0.82
0.539
0.25
0.816
0.27
0.968
0.827
0.658
0.407
0.877
0.741
0.91
0.735
0.37
0.789
0.449
0.719
0.611
0.819
0.845
0.56
999999.0
0.888
0.774
0.698
0.341
0.967
0.836
0.842
0.767
0.364
0.91
0.561
0.681
0.658
0.913
0.924
0.232
999999.0
0.166
0.194
0.398
0.65
0.864
0.582
0.368
0.422
0.338
0.574
0.611
0.282
0.309
0.472
0.901
0.735
0.603
0.544
0.571
0.812
0.743
0.621
0.929
0.683
0.642
0.785
0.941
0.746
0.795
0.605
0.569
0.68
0.984
0.429
0.266
0.937
0.621
0.553
0.69
0.59
0.757
0.44
0.756
0.256
0.651
0.798
0.677
0.498
0.578
0.22
0.805
0.679
0.991
0.731
0.243
0.675
0.898
0.337
0.745
0.904
0.822
0.64
0.875
0.902
0.952
0.728
0.579
0.701
0.899
0.562
0.307
0.293
0.916
0.546
0.686
0.904
0.708
0.578
0.547
0.96
0.613
0.887
0.54
0.508
0.88
0.891
0.943
0.453
0.658
0.852
0.79
0.525
0.651
0.519
0.704
0.867
0.779
0.583
0.968
0.85
0.938
0.831
0.633
0.908
0.896
0.579
0.394
0.712
0.912
0.302
0.572
0.96
0.488
0.812
0.864
0.513
0.762
0.805
0.834
0.904
0.88
0.888
0.752
0.43
0.708
0.9
0.351
0.921
0.724
0.553
0.855
0.903
0.49
0.552
0.801
0.946
0.243
0.955
0.986
0.407
0.952
0.641
0.874
0.53
0.64
0.523
0.492
0.956
0.623
0.698
0.615
0.437
0.625
0.645
0.765
0.448
0.803
0.217
0.975
0.79
0.816
0.867
0.307
0.943
0.694
0.903
0.435
0.726
0.79
0.757
0.747
0.948
0.468
0.723
0.645
0.848
0.673
0.751
0.772
0.258
0.766
0.549
0.88
0.81
0.745
0.602
0.742
0.661
0.894
0.774
0.533
0.96
0.639
0.556
0.416
0.991
0.861
0.862
0.423
0.563
0.674
0.689
0.94
0.794
0.349
0.681
0.678
0.681
0.794
0.385
0.854
0.13
0.797
0.757
0.875
0.55
0.835
0.706
0.764
0.854
0.311
0.512
0.819
0.934
0.878
0.579
0.553
0.954
0.787
0.882
0.716
0.951
0.681
0.733
0.609
0.477
0.924
0.897
0.627
0.964
0.73
0.906
0.807
0.648
0.926
0.596
0.924
0.504
0.454
0.75
0.596
0.759
0.55
0.949
0.413
0.735
0.796
0.889
0.79
0.852
0.513
0.721
0.834
0.802
0.693
0.835
0.903
0.648
0.732
0.917
0.415
0.718
0.872
0.749
0.712
0.967
0.423
0.437
0.335
0.894
0.815
0.153
0.236
0.577
0.76
0.624
0.816
0.619
0.407
0.694
0.844
0.776
0.7
0.753
0.664
0.408
0.303
0.353
0.322
0.69
0.585
0.243
0.53
0.881
0.917
0.369
0.645
0.742
0.529
0.333
0.563
0.63
0.783
0.851
0.779
0.608
0.674
0.813
0.85
0.652
0.691
0.736
0.935
0.29
0.713
0.493
0.864
0.852
0.74
0.583
0.744
0.829
0.831
0.422
0.566
0.885
0.462
0.715
0.914
0.465
0.934
0.584
0.759
0.726
0.955
0.91
0.919
0.741
0.603
0.631
0.67
0.871
0.773
0.664
0.673
0.728
0.634
0.252
0.472
0.302
0.628
0.698
0.915
0.884
0.778
0.553
0.629
0.406
0.773
0.889
0.403
0.903
0.392
0.6
0.511
0.549
0.55
0.573
0.784
0.474
0.669
0.467
0.791
0.785
0.302
0.948
0.434
0.097
0.775
0.255
0.766
0.695
0.673
0.827
0.841
0.805
0.751
0.711
0.764
0.763
0.611
0.46
0.506
0.518
0.762
0.434
0.818
0.674
0.896
0.407
0.974
0.789
0.592
0.748
0.318
0.572
0.954
0.96
0.547
0.56
0.335
0.739
0.47
0.224
0.568
0.874
0.653
0.359
0.646
0.756
0.679
0.523
0.523
0.927
0.832
0.455
0.891
0.431
0.429
0.59
0.478
0.682
0.613
0.767
0.581
0.585
0.484
0.388
0.66
0.93
0.561
0.415
0.374
0.686
0.371
0.403
0.811
0.818
0.866
0.321
0.817
0.515
0.79
0.605
0.709
0.773
0.613
0.518
0.173
0.645
0.806
0.382
0.586
0.647
0.867
0.959
0.89
0.771
0.238
0.56
0.882
0.707
0.703
0.698
0.814
0.677
0.426
0.812
0.931
0.532
0.338
0.825
0.617
0.674
0.315
0.791
0.342
0.427
0.42
0.41
0.559
0.89
0.806
0.388
0.884
0.431
0.428
0.844
0.288
0.302
0.735
0.523
0.611
0.968
0.556
0.778
0.901
0.959
0.822
0.795
0.554
0.318
0.519
0.711
0.867
0.805
0.374
0.827
0.939
0.959
0.792
0.838
0.897
0.83
0.976
0.762
0.735
0.594
0.394
0.536
0.766
0.29
0.652
0.548
0.588
0.176
0.675
0.95
0.232
0.743
0.897
0.695
0.609
0.68
0.561
0.915
0.443
0.698
0.654
0.776
0.544
0.973
0.781
0.846
0.692
0.974
0.438
0.575
0.824
0.598
0.62
0.882
0.737
0.818
0.756
0.647
0.649
0.368
0.786
0.613
0.83
0.696
0.903
0.875
0.627
0.308
0.755
0.427
0.86
0.805
0.521
0.463
0.713
0.389
0.828
0.863
0.663
0.789
0.604
0.869
0.641
0.585
0.718
0.487
0.795
0.4
0.619
0.919
0.726
0.853
0.578
0.979
0.571
0.574
0.817
0.345
0.412
0.757
0.916
0.648
0.796
0.703
0.702
0.345
0.755
0.908
0.31
0.232
0.434
0.579
0.354
0.894
0.859
0.172
0.679
0.928
0.479
0.195
0.735
0.487
0.801
0.959
0.92
0.278
0.946
0.535
0.596
0.47
0.981
0.806
0.938
0.848
0.792
0.388
0.276
0.691
0.893
0.74
0.651
0.869
0.839
0.366
0.817
0.549
0.808
0.918
0.578
0.839
0.607
0.38
0.633
0.796
0.566
0.703
0.624
0.775
0.827
0.251
0.684
0.711
0.929
0.278
0.492
0.613
0.873
0.684
0.93
0.654
0.7
0.79
0.224
0.513
0.797
0.388
0.188
0.301
0.617
0.576
0.633
0.829
0.869
0.593
0.208
0.598
0.83
0.508
0.75
0.946
0.365
0.62
0.406
0.297
0.497
0.375
0.706
0.406
0.379
0.777
0.718
0.511
0.698
0.582
0.299
0.613
0.888
0.746
0.584
0.612
0.761
0.822
0.254
0.592
0.486
0.877
0.306
0.834
0.389
0.453
0.785
0.481
0.648
0.676
0.833
0.923
0.747
0.423
0.965
0.486
0.49
0.79
0.566
0.538
0.778
0.455
0.37
0.445
0.526
0.905
0.893
0.977
0.865
0.401
0.555
0.37
0.915
0.917
0.631
0.77
0.52
0.454
0.42
0.637
0.664
0.764
0.416
0.773
0.344
0.862
0.605
0.823
0.81
0.503
0.88
0.827
0.706
0.955
0.553
0.48
0.654
0.579
0.928
0.59
0.926
0.885
0.752
0.977
0.935
0.887
0.7
0.828
0.703
0.921
0.251
0.414
0.724
0.448
0.833
0.769
0.347
0.434
0.171
0.891
0.94
0.804
0.5
0.319
0.694
0.603
0.763
0.593
0.964
0.671
0.297
0.835
0.733
0.768
0.896
0.982
0.442
0.692
0.771
0.974
0.926
0.748
0.676
0.496
0.602
0.78
0.767
0.88
0.391
0.915
0.705
0.699
0.655
0.804
0.71
0.688
0.512
0.926
0.542
0.475
0.932
0.552
0.801
0.227
0.825
0.677
0.438
0.924
0.198
0.597
0.927
0.577
0.711
0.723
0.801
0.625
0.802
0.709
0.579
0.439
0.512
0.714
0.989
0.807
0.637
0.602
0.612
0.918
0.914
0.767
0.864
0.824
0.703
0.322
0.878
0.857
0.905
0.836
0.723
0.95
0.981
0.241
0.253
0.593
0.662
0.498
0.986
0.93
0.783
0.609
0.575
0.647
0.898
0.251
0.219
0.734
0.956
0.877
0.315
0.657
0.773
0.593
0.614
0.88
0.219
0.58
0.576
0.318
0.277
0.62
0.578
0.243
0.871
0.772
0.223
0.664
0.405
0.634
0.549
0.352
0.553
0.795
0.88
0.71
0.625
0.618
0.75
0.936
0.772
0.796
0.678
0.857
0.943
0.807
0.764
0.621
0.801
0.662
0.767
0.575
0.452
0.837
0.798
0.48
0.699
0.698
0.317
0.873
0.862
0.504
0.531
0.785
0.205
0.578
0.414
0.605
0.576
0.404
0.958
0.509
0.295
0.544
0.833
0.785
0.296
0.834
0.499
0.376
0.661
0.867
0.75
0.689
0.958
0.877
0.611
0.73
0.572
0.716
0.911
0.242
0.861
0.265
0.893
0.663
0.666
0.483
0.481
0.343
0.909
0.832
0.629
0.296
0.802
0.588
0.677
0.314
0.634
0.786
0.725
0.476
0.805
0.793
0.879
0.646
0.828
0.71
0.809
0.699
0.922
0.76
0.565
0.654
0.444
0.861
0.567
0.671
0.711
0.76
0.536
0.788
0.707
0.736
0.775
0.264
0.426
0.736
0.765
0.372
0.798
0.938
0.442
0.619
0.768
0.864
0.449
0.749
0.794
0.955
0.71
0.686
0.381
0.525
0.794
0.881
0.548
0.395
0.764
0.67
0.689
0.793
0.425
0.576
0.569
0.23
0.448
0.782
0.319
0.374
0.722
0.713
0.621
0.519
0.723
0.465
0.242
0.864
0.502
0.555
0.973
0.944
0.343
0.507
0.902
0.728
0.604
0.95
0.757
0.455
0.617
0.533
0.362
0.938
0.869
0.286
0.11
0.534
0.613
0.592
0.189
0.561
0.87
0.86
0.667
0.744
0.709
0.747
0.947
0.465
0.15
0.944
0.224
0.282
0.64
0.607
0.716
0.73
0.792
0.582
0.654
0.725
0.818
0.88
0.963
0.746
0.5
0.763
0.76
0.585
999999.0
0.9
0.776
0.753
0.838
0.977
0.905
0.904
0.715
0.558
0.481
0.795
0.91
0.822
0.949
0.876
0.699
0.308
0.89
0.778
0.842
0.473
0.425
0.763
0.777
0.653
0.727
0.646
0.331
0.646
0.884
0.959
0.64
0.955
0.359
0.857
0.863
0.764
0.473
0.786
0.309
0.692
0.827
0.466
0.28
0.619
0.837
0.46
0.984
0.561
0.73
0.989
0.853
0.471
0.719
0.545
0.857
0.89
0.389
0.635
0.326
0.693
0.499
0.88
0.974
0.34
0.378
0.395
0.911
0.454
0.841
0.322
0.953
0.955
0.869
0.575
0.74
0.411
0.615
0.736
0.769
0.861
0.678
0.699
0.975
0.375
0.586
0.841
0.867
0.583
0.923
0.934
0.46
0.342
0.615
0.647
0.663
0.858
0.522
0.938
0.556
0.553
0.461
0.437
0.949
0.549
0.442
0.762
0.298
0.744
0.809
0.949
0.328
0.801
0.607
0.784
0.569
0.727
0.615
0.587
0.787
0.779
0.726
0.864
0.753
0.878
0.711
0.505
0.519
0.499
0.281
0.577
0.822
0.642
0.594
0.565
0.764
0.846
0.666
0.768
0.837
0.695
0.848
0.662
0.781
0.865
0.69
0.389
0.582
0.723
0.165
0.944
0.865
999999.0
999999.0
999999.0
999999.0
999999.0
999999.0
999999.0
999999.0
999999.0
999999.0
999999.0
999999.0
999999.0
999999.0
999999.0
999999.0
999999.0
999999.0
999999.0
999999.0
999999.0
999999.0
999999.0
999999.0
999999.0
999999.0
999999.0
999999.0
999999.0
999999.0
999999.0
999999.0
999999.0
999999.0
999999.0
999999.0
999999.0
999999.0
999999.0
999999.0
999999.0
999999.0
999999.0
999999.0
999999.0
999999.0
999999.0
999999.0
999999.0
999999.0
999999.0
999999.0
999999.0
999999.0
999999.0
999999.0
999999.0
999999.0
999999.0
999999.0
999999.0
999999.0
999999.0
999999.0
999999.0
999999.0
999999.0
999999.0
999999.0
999999.0
999999.0
999999.0
999999.0
999999.0
999999.0
999999.0
999999.0
999999.0
999999.0
999999.0
999999.0
999999.0
999999.0
999999.0
999999.0
999999.0
999999.0
999999.0
999999.0
999999.0
999999.0
999999.0
999999.0
999999.0
999999.0
999999.0
999999.0
999999.0
999999.0
999999.0
999999.0
999999.0
999999.0
999999.0
999999.0
0.597
0.898
0.439
0.512
999999.0
999999.0
0.948
0.683
0.615
0.752
0.789
0.251
0.533
0.842
0.671
0.901
0.984
0.656
0.955
0.967
0.76
0.828
0.878
0.793
0.698
0.662
0.591
0.925
0.788
0.578
0.34
0.727
0.841
0.442
0.452
0.776
0.479
0.852
0.519
0.897
0.931
0.749
0.452
0.837
0.735
0.775
0.725
0.428
0.86
0.853
0.5
0.464
0.588
0.158
0.541
0.484
0.667
0.754
0.732
0.305
0.666
0.904
0.867
0.444
0.829
0.396
0.731
0.313
0.335
0.655
0.929
0.25
0.517
0.691
0.538
0.534
0.763
0.507
0.853
0.88
0.611
0.921
0.803
0.44
0.497
0.356
0.91
0.759
0.394
0.548
0.741
0.933
0.306
0.317
0.746
0.813
0.813
0.871
0.773
0.717
0.683
0.278
0.482
0.383
0.719
0.289
0.914
0.337
0.785
0.717
0.984
0.956
0.702
0.988
0.881
0.54
0.92
0.378
0.944
0.87
0.746
0.596
0.691
0.823
0.916
0.668
0.379
0.263
0.651
0.526
0.6
0.374
0.589
0.741
0.334
0.799
0.927
0.534
0.932
0.481
0.788
0.918
0.696
0.583
0.623
0.31
0.759
0.329
0.842
0.886
0.862
0.159
0.712
0.424
0.902
0.755
0.814
0.451
0.929
0.821
0.406
0.538
0.465
0.198
0.541
0.47
0.281
0.854
0.706
0.637
0.935
0.621
0.832
0.607
0.658
0.649
0.552
0.456
0.446
0.622
0.931
0.708
0.817
0.21
0.651
0.628
0.851
0.472
0.925
0.69
0.738
0.492
0.747
0.607
0.485
0.846
0.539
0.79
0.909
0.747
0.797
0.876
0.629
0.699
0.772
0.644
0.823
0.648
0.788
0.602
0.877
0.486
0.38
0.746
0.55
0.876
0.601
0.546
0.505
0.841
0.934
0.639
0.905
0.697
0.635
0.848
0.516
0.441
0.904
0.778
0.647
0.928
0.767
0.766
0.92
0.28
0.685
0.954
0.905
0.602
0.83
0.981
0.907
0.369
0.657
0.922
0.685
0.919
0.297
0.349
0.162
0.639
0.355
0.42
0.324
0.311
0.658
0.683
0.779
0.631
0.465
0.254
0.329
0.343
0.51
0.727
0.303
0.428
0.832
0.747
0.739
0.663
0.855
0.447
0.664
0.966
0.511
0.743
0.759
0.28
0.419
0.939
0.799
0.7
0.559
0.88
0.832
0.727
0.494
0.469
0.741
0.521
0.716
0.227
0.933
0.776
0.97
0.586
0.783
0.702
0.853
0.892
0.601
0.617
0.321
0.86
0.553
0.958
0.682
0.909
0.788
0.397
0.537
0.644
0.555
0.528
0.489
0.645
0.68
0.488
0.738
0.875
0.282
0.614
0.843
0.393
0.719
0.358
0.504
0.208
0.972
0.833
0.86
0.762
0.722
0.276
0.268
0.665
0.746
0.629
0.688
0.481
0.988
0.745
0.911
0.693
0.698
0.374
0.176
0.814
0.639
0.604
0.431
0.855
0.692
0.568
0.764
0.753
0.313
0.701
0.784
0.817
0.722
0.389
0.656
0.563
0.484
0.586
0.344
0.857
0.574
0.964
0.266
0.329
0.784
0.499
0.47
0.674
0.772
0.935
0.546
0.286
0.802
0.879
0.681
0.247
0.956
0.586
0.513
0.931
0.607
0.698
0.775
0.258
0.305
0.288
0.943
0.189
0.841
0.568
0.642
0.65
0.925
0.157
0.9
0.828
0.704
0.913
0.763
0.702
0.633
0.71
0.849
0.43
0.859
0.596
0.253
0.982
0.615
0.855
0.403
0.662
0.839
0.812
0.907
0.635
0.935
0.934
0.819
0.921
0.522
0.806
0.399
0.413
0.578
0.341
0.404
0.898
0.591
0.833
0.708
0.847
0.808
0.719
0.541
0.412
0.322
0.683
0.489
0.776
0.278
0.54
0.338
0.556
0.331
0.243
0.615
0.607
0.443
0.714
0.704
0.849
0.49
0.679
0.122
0.488
0.78
0.611
0.823
0.401
0.715
0.502
0.583
0.916
0.715
0.457
0.59
0.813
0.774
0.938
0.824
0.633
0.809
0.807
0.357
0.559
0.923
0.383
0.964
0.801
0.973
0.64
0.676
0.774
0.705
0.574
0.545
0.841
0.741
0.237
0.271
0.821
0.456
0.556
0.374
0.648
0.877
0.581
0.397
0.909
0.758
0.869
0.736
0.876
0.459
0.862
0.835
0.884
0.663
0.765
0.794
0.594
0.389
0.886
0.541
0.875
0.803
0.597
0.513
0.852
0.456
0.45
0.933
0.894
0.817
0.474
0.364
0.451
0.59
0.248
0.921
0.631
0.666
0.708
0.168
0.588
0.379
0.544
0.809
0.624
0.499
0.641
0.514
0.599
0.687
0.362
0.663
0.451
0.482
0.343
0.975
0.436
0.531
0.693
0.737
0.346
0.591
0.477
0.937
0.66
0.844
0.82
0.608
0.899
0.446
0.957
0.692
0.791
0.346
0.648
0.339
0.557
0.909
0.806
0.665
0.691
0.603
0.62
0.772
0.396
0.765
0.749
0.612
0.483
0.485
0.946
0.6
0.851
0.859
0.924
0.749
0.438
0.813
0.528
0.744
0.433
0.582
0.548
0.792
0.919
0.81
0.486
0.619
0.723
0.896
0.67
0.597
0.193
0.718
0.649
0.677
0.955
0.859
0.648
0.831
0.782
0.742
0.786
0.623
0.646
0.806
0.918
0.657
0.724
0.869
0.595
0.728
0.559
0.218
0.669
0.972
0.761
0.837
0.858
0.73
0.721
0.779
0.814
0.753
0.347
0.828
0.899
0.72
0.337
0.727
0.761
0.435
0.088
0.654
0.956
0.757
0.6
0.351
0.698
0.697
0.965
0.894
0.922
0.918
0.906
0.209
0.812
0.943
0.252
0.685
0.723
0.886
0.773
0.67
0.886
0.608
0.863
0.495
0.399
0.719
0.919
0.546
0.513
0.565
0.276
0.597
0.851
0.808
0.44
0.611
0.646
0.693
0.929
0.866
0.364
0.587
0.789
0.312
0.574
0.873
0.223
0.825
0.901
0.891
0.592
0.944
0.299
0.535
0.526
0.122
0.691
0.865
0.761
0.688
0.647
0.958
0.913
0.755
0.869
0.82
0.564
0.973
0.65
0.527
0.785
0.826
0.586
0.199
0.469
0.23
0.956
0.707
0.943
0.928
0.708
0.831
0.733
0.821
0.681
0.63
0.542
0.654
0.83
0.464
0.725
0.799
0.914
0.836
0.618
0.706
0.903
0.661
0.523
0.255
0.683
0.826
0.813
0.813
0.785
0.216
0.837
0.616
0.895
0.4
0.501
0.901
0.664
0.836
0.175
0.431
0.428
0.544
0.683
0.89
0.78
0.823
0.779
0.833
0.922
0.818
0.749
0.816
0.745
0.88
0.749
0.885
0.901
0.311
0.451
0.749
0.449
0.334
0.912
0.535
0.76
0.696
0.45
0.827
0.395
0.448
0.602
0.641
0.595
0.823
0.587
0.556
0.545
0.747
0.321
0.277
0.685
0.951
0.729
0.444
0.725
0.973
0.526
0.498
0.682
0.244
0.883
0.385
0.445
0.382
0.503
0.459
0.444
0.396
0.515
0.524
0.816
0.765
0.877
0.529
0.609
0.571
0.893
0.757
0.659
0.545
0.266
0.4
0.822
0.829
0.261
0.488
0.267
0.943
0.549
0.593
0.663
0.606
0.391
0.318
0.626
0.576
0.197
0.536
0.724
0.891
0.361
0.959
0.733
0.575
0.754
0.561
0.145
0.267
0.611
0.864
0.709
0.902
0.833
0.838
0.262
0.893
0.337
0.758
0.847
0.519
0.902
0.812
0.821
0.594
0.45
0.293
0.488
0.735
0.826
0.943
0.674
0.442
0.376
0.947
0.508
0.628
0.793
0.959
0.799
0.572
0.357
0.525
0.944
0.665
0.886
0.527
0.922
0.786
0.94
0.506
0.917
0.236
0.846
0.713
0.664
0.55
0.382
0.794
0.317
0.506
0.384
0.825
0.877
0.455
0.906
0.796
0.656
0.653
0.428
0.362
0.593
0.825
0.826
0.907
0.421
0.532
0.924
0.672
0.85
0.949
0.961
0.632
0.485
0.7
0.907
0.912
0.541
0.871
0.621
0.919
0.726
0.584
0.94
0.699
0.933
0.945
0.314
0.51
0.553
0.862
0.884
0.314
0.859
0.376
0.931
0.495
0.623
0.476
0.922
0.729
0.408
0.4
0.586
0.89
0.655
0.271
0.364
0.708
0.759
0.901
0.773
0.563
0.792
0.705
0.538
0.696
0.818
0.384
0.406
0.277
0.885
0.603
0.462
0.541
0.702
0.703
0.858
0.453
0.683
0.686
0.46
0.463
0.401
0.131
0.921
0.691
0.489
0.345
0.293
0.652
0.598
0.408
0.938
0.337
0.724
0.859
0.833
0.925
0.597
0.621
0.649
0.684
0.507
0.216
0.875
0.833
0.869
0.7
0.381
0.275
0.592
0.841
0.663
0.709
0.788
0.258
0.901
0.217
0.357
0.954
0.698
0.543
0.809
0.708
0.73
0.943
0.763
0.411
0.89
0.622
0.924
0.398
0.662
0.903
0.45
0.725
0.855
0.909
0.702
0.804
0.895
0.815
0.584
0.814
0.783
0.444
0.484
0.88
0.833
0.4
0.613
0.657
0.918
0.951
0.382
0.551
0.453
0.295
0.732
0.462
0.501
0.959
0.282
0.652
0.934
0.395
0.706
0.941
0.276
0.608
0.699
0.359
0.617
0.545
0.721
0.163
0.309
0.468
0.311
0.701
0.805
0.797
0.315
0.565
0.43
0.787
0.826
0.687
0.685
0.58
0.253
0.433
0.821
0.669
0.412
0.76
0.525
0.892
0.722
0.877
0.65
0.755
0.459
0.792
0.368
0.666
0.422
0.839
0.817
0.325
0.803
0.803
0.76
0.669
0.685
0.691
0.525
0.841
0.435
0.818
0.698
0.438
0.574
0.897
0.816
0.505
0.811
0.599
0.496
0.172
0.295
0.688
0.736
0.925
0.846
0.477
0.89
0.478
0.585
0.666
0.789
0.475
0.891
0.76
0.896
0.476
0.674
0.591
0.773
0.637
0.395
0.347
0.898
0.564
0.911
0.713
0.485
0.793
0.502
0.934
0.777
0.856
0.534
0.815
0.784
0.739
0.63
0.63
0.226
0.423
0.73
0.528
0.301
0.982
0.236
0.746
0.784
0.537
0.369
0.963
0.363
0.802
0.838
0.702
0.857
0.383
0.88
0.891
0.864
0.735
0.941
0.908
0.932
0.936
0.975
0.695
0.419
0.269
0.588
0.665
0.55
0.32
0.807
0.754
0.25
0.418
0.252
0.933
0.784
0.894
0.359
0.881
0.378
0.589
0.671
0.856
0.742
0.755
0.632
0.936
0.723
0.653
0.871
0.721
0.966
0.749
0.843
0.84
0.871
0.457
0.909
0.796
0.818
0.48
0.387
0.761
0.663
0.906
0.732
0.432
0.266
0.686
0.522
0.867
0.403
0.7
0.828
0.841
0.856
0.618
0.791
0.353
0.415
0.598
0.828
0.373
0.665
0.659
0.897
0.836
0.839
0.59
0.855
0.461
0.784
0.825
0.427
0.672
0.754
0.565
0.636
0.654
0.313
0.567
0.741
0.847
0.511
0.693
0.659
0.507
0.92
0.741
0.926
0.508
0.311
0.887
0.825
0.888
0.705
0.799
0.611
0.939
0.566
0.331
0.278
0.3
0.787
0.542
0.837
0.452
0.956
0.92
0.401
0.207
0.506
0.686
0.59
0.748
0.336
0.397
0.453
0.362
0.486
0.906
0.671
0.737
0.404
0.524
0.337
0.729
0.463
0.204
0.852
0.511
0.829
0.81
0.481
0.576
0.519
0.858
0.438
0.611
0.179
0.707
0.282
0.853
0.528
0.958
0.379
0.534
0.871
0.784
0.775
0.8
0.714
0.6
0.743
0.778
0.556
0.872
0.735
0.587
0.375
0.77
0.757
0.945
0.871
0.714
0.889
0.858
0.916
0.618
0.708
0.496
0.81
0.823
0.858
0.968
0.338
0.833
0.349
0.625
0.618
0.497
0.329
0.521
0.738
0.575
0.921
0.556
0.897
0.79
0.817
0.562
0.66
0.611
0.657
0.329
0.746
0.835
0.765
0.864
0.528
0.764
0.887
0.403
0.624
0.545
0.439
0.739
0.769
0.829
0.66
0.293
0.51
0.568
0.644
0.534
0.379
0.612
0.549
0.804
0.825
0.63
0.671
0.507
0.602
0.642
0.616
0.967
0.417
0.879
0.526
0.837
0.73
0.952
0.275
0.732
0.771
0.913
0.452
0.963
0.958
0.92
0.765
0.943
0.654
0.412
0.901
0.586
0.714
0.673
0.42
0.923
0.827
0.399
0.784
0.789
0.234
0.692
0.506
0.78
0.898
0.73
0.962
0.782
0.709
0.37
0.822
0.572
0.784
0.618
0.663
0.931
0.933
0.678
0.972
0.649
0.776
0.29
0.492
0.842
0.616
0.685
0.479
0.829
0.83
0.729
0.689
0.964
0.842
0.867
0.594
0.408
0.689
0.186
0.353
0.698
0.623
0.966
0.667
0.571
0.831
0.617
0.4
0.531
0.629
0.965
0.66
0.713
0.975
0.869
0.595
0.655
0.197
0.422
0.571
0.766
0.358
0.619
0.535
0.216
0.227
0.766
0.878
0.976
0.823
0.94
0.432
0.801
0.618
0.846
0.534
0.695
0.774
0.868
0.815
0.834
0.693
0.789
0.335
0.939
0.527
0.613
0.534
0.785
0.836
0.225
0.672
0.368
0.933
0.133
0.525
0.75
0.626
0.728
0.905
0.832
0.987
0.722
0.745
0.895
0.404
0.576
0.488
0.47
0.397
0.711
0.894
0.761
0.512
0.768
0.369
0.465
0.93
0.685
0.644
0.569
0.865
0.62
0.794
0.831
0.677
0.798
0.735
0.686
0.443
0.414
0.771
0.438
0.427
0.952
0.661
0.617
0.594
0.92
0.419
0.735
0.53
0.502
0.902
0.362
0.613
0.494
0.919
0.864
0.567
0.832
0.614
0.499
0.706
0.909
0.821
0.827
0.77
0.567
0.175
0.216
0.725
0.538
0.774
0.297
0.866
0.933
0.39
0.772
0.578
0.812
0.91
0.945
0.64
0.221
0.45
0.653
0.354
0.687
0.664
0.77
0.807
0.397
0.387
0.844
0.899
0.366
0.359
0.739
0.343
0.393
0.816
0.317
0.756
0.517
0.817
0.892
0.643
0.851
0.782
0.518
0.755
0.359
0.852
0.722
0.471
0.577
0.669
0.887
0.401
0.346
0.578
0.464
0.845
0.706
0.476
0.328
0.498
0.924
0.969
0.968
0.646
0.429
0.808
0.591
0.405
0.678
0.686
0.792
0.491
0.171
0.586
0.859
0.866
0.22
0.964
0.408
0.373
0.725
0.871
0.574
0.183
0.588
0.695
0.754
0.734
0.737
0.756
0.905
0.947
0.407
0.53
0.951
0.324
0.575
0.344
0.592
0.83
0.983
0.946
0.761
0.283
0.581
0.311
0.817
0.909
0.815
0.8
0.654
0.98
0.28
0.589
0.446
0.818
0.531
0.859
0.446
0.576
0.875
0.81
0.534
0.791
0.865
0.37
0.843
0.919
0.919
0.859
0.316
0.783
0.954
0.733
0.713
0.395
0.637
0.474
0.182
0.528
0.635
0.586
0.411
0.523
0.565
0.404
0.892
0.728
0.803
0.65
0.707
0.589
0.298
0.708
0.66
0.898
0.528
0.559
0.685
0.61
0.757
0.648
0.39
0.781
0.697
0.29
0.469
0.596
0.727
0.809
0.912
0.864
0.898
0.89
0.84
0.726
0.476
0.805
0.228
0.755
0.932
0.88
0.826
0.302
0.733
0.739
0.44
0.801
0.403
0.677
0.278
0.765
0.804
0.714
0.307
0.723
0.395
0.636
0.384
0.683
0.751
0.688
0.302
0.87
0.557
0.54
0.89
0.932
0.965
0.654
0.67
0.768
0.532
0.713
0.879
0.401
0.947
0.377
0.879
0.904
0.874
0.963
0.815
0.431
0.491
0.689
0.392
0.775
0.661
0.818
0.635
0.923
0.395
0.972
0.379
0.791
0.647
0.659
0.834
0.927
0.79
0.969
0.535
0.937
0.682
0.873
0.602
0.339
0.78
0.634
0.58
0.516
0.644
0.95
0.787
0.746
0.901
0.318
0.959
0.812
0.407
0.815
0.4
0.927
0.582
0.849
0.804
0.753
0.187
0.907
0.484
0.804
0.548
0.837
0.509
0.847
0.76
0.509
0.574
0.538
0.455
0.58
0.94
0.671
0.761
0.818
0.734
0.867
0.832
0.669
0.641
0.653
0.952
0.761
0.792
0.896
0.265
0.364
0.336
0.724
0.755
0.483
0.606
0.458
0.747
0.388
0.675
0.713
0.793
0.24
0.831
0.418
0.681
0.792
0.407
0.83
0.861
0.784
0.447
0.792
0.798
0.554
0.853
0.398
0.37
0.858
0.73
0.889
0.853
0.707
0.977
0.869
0.248
0.854
0.846
0.919
0.238
0.212
0.686
0.691
0.47
0.922
0.818
0.743
0.847
0.585
0.673
0.975
0.511
0.378
0.353
0.959
0.802
0.713
0.725
0.476
0.258
0.301
0.745
0.513
0.706
0.759
0.588
0.627
0.874
0.244
0.513
0.525
0.861
0.866
0.513
0.4
0.925
0.527
0.727
0.874
0.594
0.46
0.882
0.584
0.747
0.811
0.688
0.356
0.23
0.27
0.345
0.56
0.534
0.234
0.219
0.473
0.879
0.477
0.728
0.051
0.592
0.804
0.679
0.578
0.848
0.971
0.942
0.578
0.278
0.773
0.742
0.937
0.715
0.704
0.645
0.343
0.453
0.711
0.48
0.749
0.493
0.624
0.634
0.918
0.655
0.387
0.778
0.321
0.94
0.653
0.522
0.953
0.762
0.207
0.723
0.75
0.545
0.733
0.795
0.537
0.299
0.792
0.545
0.519
0.767
0.978
0.544
0.301
0.589
0.644
0.819
0.641
0.968
0.717
0.425
0.921
0.293
0.642
0.383
0.726
0.787
0.478
0.77
0.402
0.876
0.749
0.568
0.959
0.614
0.456
0.507
0.365
0.65
0.808
0.906
0.475
0.65
0.366
0.692
0.962
0.599
0.472
0.331
0.708
0.91
0.797
0.407
0.742
0.365
0.71
0.353
0.602
0.513
0.96
0.605
0.187
0.988
0.684
0.637
0.829
0.777
0.27
0.382
0.969
0.664
0.936
0.249
0.358
0.732
0.864
0.893
0.409
0.356
0.777
0.938
0.915
0.932
0.314
0.312
0.939
0.545
0.566
0.739
0.49
0.163
0.794
0.602
0.711
0.816
0.453
0.534
0.633
0.561
0.633
0.783
0.79
0.683
0.692
0.556
0.276
0.803
0.741
0.293
0.474
0.262
0.776
0.488
0.448
0.845
0.725
0.817
0.723
0.745
0.279
0.801
0.653
0.345
0.754
0.615
0.74
0.15
0.959
0.954
0.345
0.697
0.778
0.925
0.201
0.621
0.769
0.653
0.499
0.48
0.643
0.427
0.419
0.465
0.371
0.405
0.534
0.804
0.239
0.475
0.979
0.546
0.758
0.77
0.604
0.58
0.708
0.432
0.822
0.834
0.814
0.955
0.686
0.712
0.754
0.68
0.698
0.95
0.658
0.88
0.438
0.86
0.37
0.686
0.683
0.293
0.8
0.196
0.937
0.758
0.764
0.296
0.376
0.227
0.586
0.542
0.747
0.868
0.558
0.8
0.762
0.903
0.29
0.721
0.501
0.979
0.434
0.862
0.329
0.36
0.666
0.754
0.607
0.666
0.61
0.959
0.946
0.694
0.814
0.974
0.66
0.66
0.764
0.436
0.772
0.739
0.843
0.738
0.96
0.662
0.583
0.239
0.826
0.646
0.728
0.539
0.65
0.819
0.759
0.565
0.86
0.876
0.532
0.794
0.734
0.834
0.868
0.326
0.724
0.685
0.586
0.695
0.269
0.668
0.774
0.675
0.263
0.893
0.953
0.92
0.265
0.767
0.915
0.72
0.611
0.305
0.485
0.615
0.48
0.832
0.437
0.655
0.868
0.936
0.858
0.66
0.341
0.579
0.54
0.851
0.735
0.749
0.593
0.402
0.625
0.299
0.642
0.672
0.451
0.349
0.647
0.184
0.491
0.63
0.566
0.469
0.928
0.815
0.904
0.338
0.547
0.839
0.709
0.778
0.71
0.756
0.536
0.711
0.679
0.496
0.821
0.693
0.437
0.652
0.958
0.921
0.652
0.723
0.565
0.406
0.452
0.644
0.773
0.455
0.371
0.822
0.836
0.635
0.53
0.764
0.712
0.312
0.514
0.304
0.828
0.649
0.391
0.544
0.845
0.609
0.588
0.768
0.514
0.586
0.81
0.825
0.372
0.623
0.86
0.501
0.631
0.792
0.949
0.72
0.754
0.465
0.333
0.601
0.861
0.51
0.605
0.866
0.62
0.646
0.888
0.893
0.368
0.551
0.62
0.785
0.594
0.349
0.223
0.488
0.753
0.577
0.971
0.717
0.523
0.835
0.236
0.517
0.845
0.48
0.598
0.662
0.524
0.764
0.538
0.887
0.57
0.393
0.801
0.849
0.907
0.838
0.697
0.628
0.856
0.831
0.847
0.586
0.305
0.512
0.263
0.411
0.813
0.491
0.829
0.952
0.687
0.899
0.732
0.891
0.656
0.63
0.708
0.752
0.809
0.686
0.21
0.814
0.774
0.746
0.454
0.877
0.92
0.303
0.875
0.768
0.806
0.593
0.918
0.926
0.676
0.699
0.823
0.378
0.938
0.836
0.858
0.572
0.878
0.476
0.35
0.497
0.514
0.797
0.841
0.899
0.742
0.84
0.984
0.881
0.548
0.364
0.9
0.545
0.868
0.958
0.804
0.568
0.455
0.569
0.528
0.65
0.226
0.563
0.872
0.683
0.703
0.713
0.951
0.53
0.581
0.69
0.925
0.824
0.163
0.769
0.586
0.779
0.703
0.386
0.96
0.317
0.715
0.888
0.686
0.444
0.91
0.981
0.687
0.966
0.587
0.836
0.509
0.519
0.524
0.84
0.754
0.551
0.571
0.268
0.859
0.785
0.584
0.837
0.834
0.576
0.494
0.359
0.588
0.387
0.337
0.728
0.803
0.813
0.655
0.805
0.89
0.954
0.719
0.309
0.794
0.683
0.78
0.769
0.721
0.679
0.583
0.507
0.232
0.723
0.821
0.519
0.951
0.635
0.594
0.293
0.332
0.899
0.815
0.283
0.46
0.488
0.822
0.382
0.793
0.653
0.756
0.755
0.421
0.971
0.452
0.788
0.633
0.865
0.749
0.738
0.506
0.863
0.581
0.781
0.774
0.801
0.264
0.588
0.907
0.328
0.738
0.528
0.779
0.878
0.925
0.37
0.954
0.8
0.822
0.683
0.547
0.694
0.495
0.412
0.853
0.292
0.905
0.871
0.931
0.591
0.648
0.734
0.82
0.617
0.411
0.635
0.462
0.616
0.398
0.251
0.792
0.863
0.593
0.888
0.449
0.841
0.967
0.944
0.169
0.834
0.899
0.618
0.551
0.233
0.734
0.301
0.858
0.693
0.73
0.555
0.901
0.508
0.943
0.747
0.83
0.822
0.836
0.917
0.922
0.283
0.852
0.686
0.547
0.924
0.873
0.92
0.848
0.631
0.509
0.867
0.448
0.706
0.684
0.136
0.63
0.653
0.91
0.848
0.761
0.389
0.733
0.895
0.86
0.901
0.73
0.936
0.677
0.884
0.732
0.787
0.646
0.605
0.558
0.874
0.905
0.722
0.76
0.878
0.832
0.87
0.919
0.718
0.623
0.949
0.491
0.308
0.778
0.579
0.509
0.469
0.473
0.846
0.478
0.932
0.919
0.746
0.328
0.63
0.373
0.826
0.42
0.661
0.768
0.535
0.745
0.938
0.679
0.47
0.621
0.591
0.59
0.579
0.866
0.764
0.6
0.738
0.465
0.896
0.897
0.409
0.387
0.474
0.856
0.469
0.989
0.908
0.559
0.652
0.781
0.614
0.516
0.571
0.837
0.885
0.253
0.925
0.569
0.814
0.907
0.78
0.493
0.961
0.723
0.911
0.789
0.944
0.89
0.971
0.393
0.653
0.955
0.656
0.363
0.924
0.81
0.607
0.372
0.776
0.854
0.67
0.666
0.494
0.587
0.628
0.494
0.674
0.512
0.85
0.743
0.411
0.546
0.522
0.236
0.397
0.82
0.794
0.953
0.709
0.737
0.611
0.881
0.749
0.786
0.672
0.399
0.639
0.697
0.71
0.36
0.892
0.964
0.762
0.783
0.675
0.677
0.748
0.829
0.891
0.769
0.73
0.771
0.457
0.826
0.519
0.626
0.949
0.522
0.776
0.903
0.967
0.801
0.849
0.483
0.587
0.977
0.9
0.899
0.727
0.847
0.492
0.252
0.67
0.688
0.616
0.717
0.937
0.511
0.573
0.36
0.639
0.2
0.725
0.796
0.643
0.817
0.315
0.753
0.505
0.85
0.364
0.523
0.94
0.678
0.719
0.901
0.226
0.763
0.62
0.55
0.713
0.647
0.655
0.465
0.899
0.733
0.826
0.8
0.83
0.228
0.848
0.63
0.653
0.466
0.924
0.221
0.685
0.546
0.335
0.65
0.663
0.163
0.345
0.505
0.751
0.64
0.862
0.275
0.928
0.291
0.928
0.894
0.684
0.511
0.424
0.811
0.711
0.492
0.749
0.687
0.52
0.576
0.892
0.95
0.756
0.775
0.885
0.702
0.798
0.69
0.365
0.861
0.954
0.484
0.904
0.555
0.497
0.725
0.501
0.68
0.535
0.96
0.899
0.932
0.367
0.872
0.577
0.643
0.843
0.407
0.583
0.656
0.768
0.392
0.875
0.608
0.66
0.446
0.678
0.464
0.511
0.362
0.453
0.64
0.73
0.848
0.477
0.692
0.851
0.518
0.759
0.773
0.909
0.187
0.813
0.812
0.628
0.961
0.294
0.7
0.797
0.54
0.929
0.62
0.746
0.799
0.795
0.87
0.739
0.991
0.648
0.312
0.791
0.933
0.924
0.251
0.731
0.688
0.678
0.406
0.314
0.765
0.483
0.429
0.512
0.885
0.335
0.466
0.76
0.787
0.853
0.907
0.99
0.641
0.563
0.555
0.526
0.333
0.458
0.655
0.423
0.663
0.509
0.772
0.854
0.668
0.478
0.426
0.328
0.867
0.778
0.301
0.609
0.761
0.774
0.658
0.752
0.785
0.793
0.645
0.794
0.72
0.774
0.644
0.578
0.725
0.725
0.665
0.713
0.74
0.733
0.683
0.71
0.396
0.457
0.894
0.629
0.442
0.318
0.435
0.917
0.544
0.736
0.6
0.893
0.881
0.724
0.888
0.62
0.376
0.584
0.972
0.971
0.275
0.888
0.669
0.635
0.326
0.596
0.597
0.518
0.627
0.743
0.885
0.942
0.755
0.847
0.38
0.351
0.365
0.328
0.314
0.757
0.436
0.752
0.681
0.716
0.926
0.525
0.503
0.704
0.757
0.926
0.668
0.471
0.895
0.737
0.862
0.784
0.692
0.963
0.672
0.725
0.916
0.843
0.836
0.931
0.747
0.606
0.663
0.356
0.851
0.547
0.734
0.295
0.877
0.807
0.192
0.517
0.914
0.857
0.464
0.52
0.397
0.445
0.93
0.805
0.278
0.66
0.506
0.51
0.674
0.746
0.568
0.489
0.448
0.686
0.618
0.46
0.779
0.76
0.674
0.788
0.723
0.675
0.239
0.672
0.601
0.383
0.844
0.207
0.88
0.905
0.901
0.134
0.548
0.625
0.884
0.688
0.415
0.659
0.446
0.319
0.957
0.668
0.883
0.57
0.599
0.784
0.596
0.645
0.739
0.462
0.266
0.633
0.732
999999.0
0.416
0.87
0.661
0.958
0.887
0.361
0.329
0.947
0.65
0.33
0.342
0.788
0.838
0.546
0.166
0.964
0.675
0.842
0.454
0.515
0.916
0.478
0.227
0.414
0.314
0.789
0.73
0.108
0.874
0.77
0.512
0.79
0.341
0.87
0.801
0.891
0.261
0.36
0.918
0.659
0.637
0.493
0.698
0.981
0.597
0.879
0.72
0.48
0.711
0.898
0.947
0.306
0.816
0.821
0.888
0.967
0.619
0.274
0.277
0.497
0.771
0.659
0.561
0.742
0.917
0.842
0.205
0.246
0.755
0.613
0.748
0.606
0.842
0.826
0.465
0.908
0.618
0.546
0.735
0.875
0.595
0.38
0.407
0.863
0.911
0.528
0.811
0.631
0.709
0.741
0.696
0.265
0.459
0.7
0.283
0.318
0.92
0.522
0.851
0.9
0.228
0.8
0.771
0.552
0.677
0.594
0.375
0.203
0.607
0.867
0.977
0.588
0.901
0.639
0.883
0.761
0.416
0.832
0.803
0.535
0.801
0.385
0.409
0.635
0.772
0.549
0.254
0.401
0.59
0.473
0.857
0.51
0.558
0.892
0.618
0.763
0.818
0.573
0.889
0.977
0.777
0.58
0.277
0.457
0.944
0.417
0.346
0.245
0.665
0.727
0.359
0.526
0.857
0.617
0.837
0.734
0.638
0.53
0.247
0.945
0.775
0.244
0.599
0.401
0.74
0.717
0.292
0.625
0.564
0.898
0.594
0.78
0.659
0.504
0.704
0.769
0.788
0.888
0.387
0.561
0.746
0.851
0.748
0.707
0.788
0.934
0.804
0.657
0.625
0.552
0.718
0.427
0.154
0.752
0.899
0.862
0.662
0.805
0.905
0.546
0.88
0.93
0.62
0.344
0.584
0.801
0.374
0.583
0.421
0.763
0.538
0.876
0.58
0.23
0.364
0.419
0.164
0.499
0.762
0.794
0.23
0.744
0.666
0.302
0.671
0.546
0.869
0.954
0.515
0.459
0.777
0.9
0.852
0.792
0.689
0.827
0.349
0.278
0.693
0.73
0.627
0.504
0.658
0.919
0.562
0.829
0.894
0.676
0.532
0.673
0.224
0.573
0.744
0.882
0.663
0.739
0.664
0.93
0.848
0.818
0.539
0.775
0.707
0.83
0.625
0.779
0.777
0.815
0.917
0.823
0.864
0.801
0.913
0.645
0.906
0.553
0.234
0.307
0.521
0.675
0.689
0.279
0.739
0.839
0.54
0.489
0.742
0.891
0.474
0.593
0.461
0.754
0.735
0.858
0.831
0.961
0.656
0.533
0.922
0.191
0.543
0.764
0.911
0.296
0.81
0.172
0.754
0.539
0.874
0.682
0.196
0.784
0.243
0.678
0.764
0.413
0.867
0.465
0.954
0.923
0.61
0.583
0.92
0.633
0.399
0.938
0.781
0.365
0.707
0.957
0.405
0.765
0.553
0.284
0.894
0.688
0.526
0.781
0.665
0.967
0.384
0.867
0.896
0.851
0.904
0.376
0.846
0.838
0.981
0.348
0.859
0.679
0.924
0.477
0.601
0.771
0.486
0.747
0.887
0.822
0.672
0.576
0.465
0.707
0.867
0.758
0.649
0.813
0.963
0.759
0.157
0.691
0.547
0.431
0.692
0.64
0.569
0.837
0.812
0.608
0.49
0.731
0.555
0.772
0.742
0.616
0.554
0.478
0.947
0.685
0.669
0.334
0.752
0.677
0.702
0.708
0.353
0.468
0.578
0.616
0.745
0.711
0.627
0.89
0.791
0.966
0.774
0.953
0.907
0.806
0.512
0.821
0.623
0.219
0.919
0.698
0.946
0.698
0.925
0.782
0.473
0.755
0.498
0.769
0.2
0.458
0.905
0.672
0.849
0.734
0.751
0.84
0.595
0.501
0.538
0.649
0.568
0.437
0.461
0.787
0.849
0.768
0.878
0.555
0.274
0.896
0.503
0.605
0.576
0.74
0.951
0.911
0.832
0.974
0.885
0.736
0.797
0.825
0.682
0.477
0.772
0.79
0.25
0.396
0.528
0.948
0.239
0.314
0.789
0.581
0.5
0.384
0.277
0.592
0.697
0.845
0.968
0.817
0.67
0.176
0.85
0.866
0.457
0.674
0.739
0.882
0.83
0.261
0.592
0.97
0.682
0.466
0.729
0.449
0.789
0.944
0.698
0.79
0.699
0.181
0.929
0.603
0.534
0.861
0.93
0.61
0.252
0.837
0.606
0.631
0.774
0.362
0.863
0.869
0.892
0.584
0.666
0.399
0.861
0.681
0.266
0.483
0.64
0.367
0.509
0.487
0.766
0.227
0.365
0.777
0.871
0.306
0.903
0.224
0.549
0.797
0.848
0.529
0.143
0.395
0.841
0.773
0.272
0.975
0.719
0.552
0.867
0.203
0.127
0.575
0.769
0.751
0.718
0.952
0.332
0.476
0.895
0.271
0.822
0.773
0.494
0.812
0.698
0.834
0.301
0.121
0.442
0.649
0.989
0.663
0.616
0.808
0.883
0.878
0.765
0.717
0.389
0.853
0.651
0.826
0.872
0.802
0.291
0.598
0.384
0.543
0.802
0.958
0.548
0.831
0.807
0.845
0.736
0.951
0.267
0.683
0.625
0.433
0.163
0.498
0.452
0.926
0.603
0.797
0.344
0.768
0.877
0.409
0.571
0.781
0.399
0.951
0.483
0.435
0.811
0.58
0.801
0.459
0.74
0.799
0.295
0.984
0.491
0.569
0.47
0.627
0.733
0.304
0.615
0.66
0.868
0.373
0.848
0.504
0.901
0.365
0.768
0.517
0.459
0.425
0.892
0.158
0.852
0.853
0.775
0.255
0.925
0.8
0.446
0.865
0.269
0.916
0.532
0.573
0.633
0.384
0.836
0.902
0.516
0.443
0.913
0.897
0.843
0.648
0.492
0.919
0.525
0.241
0.683
0.824
0.863
0.712
0.292
0.26
0.636
0.337
0.597
0.71
0.448
0.904
0.661
0.31
0.57
0.878
0.631
0.613
0.988
0.957
0.249
0.95
0.708
0.66
0.409
0.834
0.65
0.567
0.525
0.883
0.662
0.386
0.449
0.86
0.844
0.854
0.926
0.751
0.869
0.589
0.573
0.506
0.884
0.368
0.34
0.429
0.79
0.386
0.225
0.824
0.839
0.656
0.432
0.242
0.337
0.55
0.788
0.506
0.853
0.552
0.453
0.671
0.442
0.445
0.791
0.845
0.753
0.722
0.766
0.977
0.817
0.64
0.755
0.599
0.809
0.52
0.816
0.589
0.644
0.79
0.803
0.645
0.813
0.775
0.705
0.228
0.508
0.468
0.868
0.388
0.895
0.252
0.258
0.818
0.778
0.872
0.272
0.787
0.565
0.957
0.598
0.357
0.696
0.35
0.771
0.734
0.358
0.306
0.442
0.695
0.729
0.555
0.672
0.63
0.813
0.359
0.673
0.281
0.87
0.174
0.875
0.204
0.241
0.216
0.714
0.301
0.734
0.519
0.895
0.952
0.535
0.558
0.655
0.707
0.843
0.842
0.506
0.577
0.822
0.908
0.509
0.803
0.616
0.177
0.413
0.449
0.566
0.534
0.856
0.857
0.699
0.86
0.719
0.759
0.89
0.751
0.489
0.814
0.951
0.911
0.728
0.408
0.585
0.702
0.319
0.965
0.785
0.593
0.684
0.818
0.546
0.471
0.779
0.948
0.674
0.917
0.375
0.842
0.954
0.251
0.56
0.436
0.713
0.841
0.655
0.525
0.837
0.662
0.788
0.759
0.992
0.924
0.822
0.383
0.884
0.25
0.444
0.887
0.24
0.787
0.754
0.376
0.569
0.58
0.422
0.772
0.325
0.322
0.393
0.241
0.973
0.636
0.937
0.457
0.243
0.803
0.835
0.752
0.674
0.842
0.714
0.585
0.9
0.67
0.773
0.832
0.72
0.715
0.834
0.878
0.751
0.507
0.88
0.721
0.526
0.903
0.726
0.882
0.466
0.751
0.645
0.807
0.586
0.315
0.544
0.56
0.695
0.848
0.784
0.854
0.601
0.688
0.789
0.818
0.343
0.853
0.57
0.631
0.698
0.311
0.952
0.758
0.625
0.732
0.895
0.954
0.172
0.893
0.614
0.687
0.655
0.81
0.678
0.962
0.811
0.454
0.642
0.897
0.845
0.993
0.627
0.623
0.301
0.359
0.26
0.499
0.867
0.453
0.304
0.963
0.302
0.397
0.926
0.811
0.757
0.623
0.811
0.719
0.696
0.786
0.311
0.657
0.685
0.42
0.74
0.971
0.857
0.801
0.742
0.913
0.293
0.417
0.943
0.733
0.824
0.777
0.253
0.271
0.362
0.834
0.811
0.721
0.858
0.33
0.656
0.741
0.77
0.826
0.931
0.867
0.641
0.387
0.82
0.361
0.698
0.606
0.437
0.291
0.649
0.931
0.959
0.64
0.829
0.42
0.978
0.816
0.617
0.583
0.868
0.896
0.699
0.695
0.915
0.644
0.43
0.493
0.7
0.274
0.809
0.667
0.722
0.896
0.56
0.692
0.557
0.344
0.884
0.796
0.34
0.927
0.466
0.681
0.64
0.515
0.593
0.365
0.734
0.354
0.634
0.533
0.764
0.212
0.648
0.895
0.985
0.417
0.413
0.668
0.667
0.542
0.355
0.921
0.422
0.896
0.466
0.482
0.659
0.276
0.673
0.442
0.696
0.539
0.742
0.888
0.94
0.675
0.396
0.681
0.48
0.598
0.665
0.218
0.487
0.859
0.809
0.882
0.728
0.845
0.714
0.452
0.735
0.949
0.765
0.436
0.599
0.766
0.911
0.492
0.263
0.451
0.915
0.87
0.346
0.74
0.731
0.859
0.944
0.918
0.514
0.274
0.423
0.625
0.743
0.693
0.651
0.816
0.661
0.606
0.662
0.695
0.633
0.858
0.67
0.752
0.575
0.529
0.6
0.769
0.658
0.558
0.788
0.725
0.652
0.379
0.236
0.797
0.203
0.666
0.518
0.516
0.805
0.632
0.685
0.381
0.736
0.961
0.95
0.841
0.503
0.754
0.679
0.907
0.708
0.124
0.606
0.739
0.768
0.661
0.699
0.498
0.362
0.487
0.447
0.626
0.679
0.67
0.713
0.749
0.62
0.642
0.552
0.661
0.64
0.886
0.837
0.901
0.504
0.662
0.867
0.491
0.424
0.324
0.867
0.44
0.96
0.467
0.841
0.852
0.392
0.777
0.798
0.112
0.448
0.554
0.661
0.896
0.8
0.919
0.278
0.73
0.679
0.463
0.936
0.495
0.908
0.846
0.83
0.911
0.673
0.526
0.525
0.88
0.498
0.861
0.797
0.864
0.94
0.952
0.73
0.527
0.655
0.893
0.723
0.292
0.914
0.979
0.775
0.909
0.537
0.881
0.919
0.432
0.919
0.464
0.251
0.177
0.42
0.891
0.584
0.171
0.248
0.831
0.404
0.396
0.822
0.944
0.707
0.633
0.71
0.44
0.866
0.914
0.717
0.273
0.702
0.685
0.332
0.257
0.37
0.786
0.681
0.864
0.698
0.434
0.754
0.465
0.574
0.261
0.562
0.285
0.913
0.442
0.429
0.864
0.935
0.456
0.172
0.956
0.964
0.683
0.837
0.419
0.271
0.899
0.807
0.808
0.8
0.426
0.937
0.825
0.553
0.503
0.77
0.568
0.546
0.904
0.908
0.659
0.979
0.862
0.952
0.256
0.541
0.653
0.522
0.306
0.957
0.33
0.777
0.857
0.906
0.852
0.662
0.538
0.551
0.619
0.413
0.681
0.858
0.714
0.447
0.91
0.806
0.944
0.796
0.674
0.751
0.368
0.784
0.859
0.482
0.942
0.818
0.653
0.368
0.335
0.962
0.423
0.838
0.798
0.802
0.563
0.891
0.729
0.396
0.823
0.791
0.845
0.876
0.83
0.865
0.825
0.673
0.765
0.808
0.96
0.685
0.769
0.832
0.59
0.554
0.893
0.839
0.409
0.789
0.308
0.515
0.609
0.339
0.706
0.807
0.298
0.531
0.735
0.945
0.599
0.816
0.916
0.65
0.186
0.765
0.662
0.832
0.292
0.975
0.535
0.277
0.708
0.901
0.86
0.76
0.812
0.883
0.756
0.23
0.867
0.617
0.96
0.625
0.693
0.917
0.583
0.655
0.932
0.4
0.604
0.912
0.975
0.842
0.504
0.666
0.269
0.669
0.206
0.341
0.646
0.579
0.742
0.429
0.702
0.857
0.28
0.904
0.532
0.45
0.731
0.906
0.727
0.483
0.861
0.368
0.47
0.574
0.977
0.78
0.47
0.953
0.657
0.86
0.285
0.783
0.973
0.394
0.881
0.261
0.237
0.399
0.785
0.744
0.797
0.211
0.563
0.353
0.822
0.388
0.941
0.971
0.912
0.48
0.828
0.949
0.345
0.364
0.833
0.254
0.412
0.547
0.475
0.629
0.718
0.461
0.583
0.574
0.76
0.738
0.693
0.351
0.966
0.795
0.631
0.212
0.211
0.268
0.683
0.77
0.318
0.532
0.385
0.945
0.629
0.847
0.625
0.574
0.601
0.641
0.699
0.568
0.301
0.926
0.731
0.931
0.293
0.951
0.925
0.927
0.948
0.701
0.516
0.46
0.487
0.895
0.767
0.343
0.594
0.826
0.459
0.624
0.776
0.33
0.551
0.596
0.961
0.884
0.636
0.788
0.501
0.489
0.503
0.968
0.912
0.59
0.551
0.795
0.798
0.855
0.827
0.928
0.323
0.773
0.791
0.697
0.652
0.622
0.952
0.811
0.805
0.922
0.746
0.478
0.722
0.432
0.422
0.644
0.538
0.832
0.543
0.706
0.8
0.649
0.813
0.826
0.771
0.818
0.692
0.837
0.64
0.371
0.455
0.394
0.405
0.759
0.222
0.705
0.335
0.655
0.789
0.776
0.78
0.692
0.471
0.676
0.474
0.549
0.643
0.968
0.433
0.943
0.953
0.839
0.858
0.666
0.989
0.762
0.612
0.645
0.922
0.638
0.344
0.397
0.409
0.816
0.729
0.4
0.229
0.564
0.807
0.933
0.855
0.826
0.919
0.573
0.875
0.695
0.701
0.652
0.809
0.592
0.752
0.869
0.174
0.29
0.534
0.806
0.212
0.616
0.826
0.872
0.857
0.398
0.759
0.684
0.416
0.397
0.452
0.845
0.276
0.322
0.272
0.962
0.933
0.622
0.559
0.752
0.792
0.901
0.507
0.97
0.923
0.635
0.632
0.603
0.375
0.223
0.299
0.601
0.53
0.679
0.914
0.799
0.609
0.601
0.803
0.828
0.223
0.303
0.229
0.973
0.585
0.263
0.448
0.739
0.43
0.798
0.8
0.259
0.577
0.692
0.729
0.443
0.864
0.732
0.593
0.786
0.875
0.497
0.964
0.904
0.652
0.968
0.413
0.697
0.388
0.327
0.936
0.718
0.795
0.911
0.755
0.475
0.417
0.63
0.793
0.972
0.435
0.475
0.618
0.662
0.78
0.716
0.58
0.958
0.652
0.836
0.939
0.874
0.43
0.319
0.849
0.7
0.547
0.466
0.802
0.65
0.621
0.669
0.844
0.691
0.763
0.905
0.478
0.915
0.666
0.838
0.776
0.84
0.635
0.272
0.829
0.606
0.528
0.911
0.864
0.654
0.472
0.752
0.763
0.537
0.876
0.89
0.491
0.554
0.638
0.957
0.667
0.696
0.343
0.301
0.663
0.51
0.686
0.609
0.96
0.787
0.894
0.952
0.793
0.953
0.771
0.583
0.67
0.897
0.759
0.529
0.624
0.62
0.911
0.923
0.317
0.608
0.617
0.887
0.668
0.601
0.969
0.914
0.577
0.13
0.5
0.678
0.578
0.924
0.74
0.861
0.682
0.657
0.914
0.911
0.473
0.771
0.275
0.783
0.75
0.196
0.893
0.544
0.199
0.772
0.991
0.789
0.305
0.831
0.312
0.943
0.659
0.548
0.787
0.708
0.396
0.672
0.718
0.595
0.489
0.361
0.98
0.559
0.945
0.845
0.608
0.858
0.655
0.877
0.724
0.778
0.305
0.691
0.675
0.807
0.722
0.499
0.23
0.449
0.423
0.714
0.144
0.936
0.328
0.422
0.639
0.694
0.946
0.787
0.368
0.907
0.666
0.18
0.756
0.678
0.666
0.85
0.72
0.365
0.869
0.466
0.573
0.884
0.332
0.484
0.526
0.704
0.399
0.508
0.405
0.587
0.306
0.818
0.776
0.389
0.472
0.884
0.214
0.443
0.862
0.804
0.771
0.876
999999.0
0.891
0.584
0.619
0.484
0.899
0.824
0.495
0.287
0.787
0.889
0.632
0.659
0.209
0.864
0.878
0.535
0.93
0.885
0.783
0.611
0.582
0.358
0.858
0.655
0.225
0.88
0.677
0.345
0.374
0.659
0.658
0.929
0.924
0.426
0.293
0.927
0.763
0.967
0.799
0.608
0.159
0.657
0.582
0.712
0.742
0.47
0.484
0.315
0.624
0.842
0.768
0.897
0.969
0.436
0.601
0.682
0.49
0.413
0.711
0.928
0.454
0.342
0.736
0.202
0.441
0.718
0.851
0.303
0.948
0.691
0.792
0.676
0.92
0.679
0.409
0.296
0.741
0.563
0.598
0.56
0.416
0.699
0.794
0.767
0.67
0.418
0.777
0.474
0.845
0.739
0.284
0.279
0.547
0.934
0.6
0.783
0.556
0.556
0.458
0.863
0.91
0.978
0.646
0.535
0.666
0.808
0.83
0.821
0.929
0.944
0.513
0.803
0.959
0.75
0.668
0.339
0.706
0.874
0.455
0.942
0.512
0.917
0.82
0.633
0.35
0.737
0.809
0.837
0.821
0.663
0.269
0.322
0.749
0.676
0.991
0.924
0.717
0.619
0.932
0.349
0.741
0.775
0.949
0.517
0.43
0.449
0.521
0.309
0.824
0.429
0.672
0.675
0.553
0.811
0.863
0.276
0.383
0.364
0.787
0.888
0.824
0.417
0.526
0.458
0.512
0.853
0.467
0.375
0.714
0.729
0.938
0.703
0.773
0.706
0.645
0.919
0.87
0.434
0.572
0.703
0.764
0.725
0.793
0.692
0.86
0.319
0.249
0.414
0.84
0.842
0.708
0.69
0.524
0.509
0.872
0.362
0.349
0.254
0.239
0.302
0.928
0.282
0.605
0.434
0.771
0.773
0.814
0.569
0.83
0.414
0.552
0.827
0.692
0.786
0.381
0.432
0.697
0.723
0.767
0.398
0.778
0.554
0.516
0.753
0.801
0.702
0.241
0.98
0.747
0.76
0.78
0.847
0.786
0.639
0.285
0.853
0.517
0.843
0.642
0.665
0.937
0.931
0.845
0.389
0.886
0.719
0.34
0.902
0.438
0.692
0.381
0.909
0.48
0.561
0.852
0.79
0.548
0.835
0.181
0.777
0.351
0.577
0.826
0.889
0.688
0.662
0.816
0.613
0.471
0.34
0.83
0.518
0.648
0.705
0.662
0.71
0.784
0.673
0.467
0.586
0.872
0.333
0.684
0.498
0.537
0.574
0.945
0.853
0.97
0.796
0.528
0.646
0.893
0.617
0.796
0.847
0.895
0.608
0.962
0.812
0.695
0.727
0.896
0.777
0.942
0.716
0.794
0.354
0.964
0.554
0.645
0.938
0.676
0.7
0.466
0.895
0.85
0.755
0.726
0.314
0.796
0.64
0.739
0.934
0.562
0.778
0.639
0.375
0.824
0.833
0.299
0.87
0.632
0.882
0.31
0.924
0.605
0.486
0.257
0.438
0.925
0.73
0.771
0.768
0.929
0.776
0.759
0.437
0.562
0.29
0.313
0.666
0.185
0.663
0.982
0.639
0.931
0.892
0.93
0.361
0.693
0.674
0.41
0.747
0.684
0.925
0.569
0.597
0.469
0.794
0.233
0.449
0.575
0.935
0.409
0.755
0.394
0.796
0.524
0.9
0.411
0.702
0.947
0.358
0.744
0.787
0.749
0.334
0.216
0.942
0.729
0.656
0.922
0.464
0.737
0.636
0.617
0.669
0.791
0.618
0.763
0.872
0.265
0.945
0.723
0.765
0.723
0.536
0.536
0.9
0.498
0.851
0.603
0.568
0.691
0.706
0.689
0.635
0.842
0.718
0.754
0.889
0.669
0.666
0.937
0.793
0.875
0.776
0.804
0.542
0.87
0.725
0.987
0.945
0.807
0.888
0.266
0.955
0.37
0.873
0.714
0.803
0.904
0.13
0.7
0.857
0.578
0.985
0.357
0.622
0.781
0.489
0.446
0.917
0.824
0.827
0.767
0.929
0.935
0.707
0.468
0.711
0.55
0.713
0.83
0.589
0.301
0.945
0.748
0.694
0.802
0.856
0.536
0.277
0.292
0.802
0.903
0.768
0.238
0.464
0.847
0.897
0.904
0.784
0.677
0.494
0.233
0.901
0.952
0.928
0.71
0.759
0.712
0.866
0.432
0.292
0.898
0.418
0.874
0.932
0.477
0.188
0.68
0.81
0.129
0.666
0.892
0.422
0.495
0.591
0.745
0.919
0.761
0.761
0.94
0.749
0.907
0.827
0.643
0.618
0.677
0.62
0.606
0.569
0.475
0.747
0.764
0.894
0.377
0.858
0.752
0.649
0.682
0.753
0.717
0.916
0.328
0.621
0.372
0.529
0.712
0.728
0.598
0.691
0.517
0.262
0.295
0.194
0.359
0.644
0.49
0.363
0.37
0.644
0.404
0.828
0.725
0.698
0.862
0.773
0.149
0.821
0.692
0.724
0.785
0.319
0.351
0.63
0.936
0.729
0.628
0.465
0.642
0.196
0.441
0.475
0.387
0.453
0.578
0.537
0.607
0.818
0.569
0.67
0.506
0.588
0.53
0.823
0.87
0.662
0.625
0.607
0.729
0.378
0.609
0.711
0.697
0.62
0.959
0.529
0.523
0.664
0.852
0.748
0.49
0.937
0.644
0.275
0.524
0.623
0.612
0.798
0.727
0.883
0.374
0.447
0.77
0.527
0.71
0.328
0.34
0.861
0.777
0.233
0.535
0.966
0.57
0.775
0.517
0.354
0.854
0.819
0.829
0.204
0.574
0.634
0.343
0.206
0.678
0.315
0.231
0.713
0.71
0.634
0.796
0.394
0.899
0.26
0.846
0.679
0.908
0.788
0.909
0.873
0.643
0.736
0.868
0.949
0.507
0.914
0.813
0.666
0.955
0.754
0.348
0.275
0.452
0.854
0.448
0.57
0.814
0.921
0.778
0.485
0.369
0.612
0.755
0.556
0.647
0.139
0.602
0.327
0.798
0.827
0.452
0.416
0.908
0.784
0.896
0.737
0.85
0.954
0.484
0.252
0.928
0.757
0.548
0.689
0.77
0.694
0.497
0.618
0.79
0.624
0.688
0.826
0.615
0.673
0.28
0.859
0.576
0.733
0.732
0.63
0.78
0.901
0.609
0.267
0.661
0.783
0.45
0.584
0.35
0.711
0.515
0.485
0.766
0.773
0.687
0.809
0.758
0.454
0.512
0.371
0.652
0.59
0.39
0.234
0.79
0.254
0.784
0.545
0.516
0.538
0.749
0.591
0.449
0.348
0.679
0.553
0.359
0.695
0.618
0.81
0.949
0.577
0.549
0.694
0.956
0.886
0.918
0.793
0.76
0.804
0.405
0.762
0.418
0.552
0.306
0.791
0.644
0.608
0.607
0.574
0.731
0.799
0.531
0.953
0.843
0.621
0.404
0.276
0.877
0.345
0.449
0.89
0.522
0.869
0.761
0.928
0.96
0.66
0.458
0.61
0.56
0.926
0.506
0.831
0.445
0.336
0.691
0.83
0.316
0.493
0.703
0.297
0.423
0.726
0.886
0.817
0.808
0.802
0.404
0.891
0.818
0.747
0.383
0.77
0.598
0.48
0.68
0.879
0.259
0.239
0.738
0.802
0.874
0.694
0.194
0.358
0.614
0.697
0.508
0.48
0.615
0.928
0.768
0.914
0.77
0.835
0.857
0.639
0.944
0.637
0.497
0.852
0.294
0.998
0.965
0.66
0.365
0.655
0.389
0.92
0.173
0.785
0.717
0.254
0.351
0.687
0.844
0.465
0.626
0.562
0.403
0.812
0.93
0.639
0.987
0.905
0.773
0.641
0.244
0.833
0.691
0.304
0.778
0.556
0.806
0.673
0.338
0.923
0.875
0.701
0.564
0.768
0.881
0.622
0.49
0.771
0.867
0.74
0.399
0.195
0.53
0.872
0.324
0.564
0.26
0.764
0.486
0.745
0.734
0.821
0.961
0.391
0.673
0.776
0.225
0.529
0.325
0.31
0.615
0.557
0.572
0.766
0.46
0.806
0.874
0.393
0.838
0.314
0.594
0.958
0.901
0.937
0.798
0.811
0.924
0.875
0.88
0.776
0.484
0.585
0.712
0.369
0.619
0.962
0.67
0.97
0.723
0.85
0.248
0.467
0.251
0.76
0.906
0.785
0.827
0.611
0.597
0.303
0.824
0.347
0.629
0.726
0.758
0.431
0.569
0.947
0.698
0.442
0.141
0.216
0.654
0.575
0.681
0.388
0.574
0.607
0.654
0.395
0.47
0.888
0.687
0.951
0.634
0.763
0.908
0.314
0.956
0.427
0.85
0.451
0.897
0.753
0.62
0.796
0.329
0.742
0.591
0.561
0.532
0.934
0.846
0.594
0.27
0.77
0.78
0.849
0.739
0.67
0.794
0.832
0.666
0.674
0.43
0.943
0.179
0.427
0.595
0.63
0.749
0.86
0.741
0.87
0.184
0.942
0.622
0.694
0.837
0.87
0.825
0.803
0.825
0.554
0.257
0.659
0.93
0.721
0.414
0.445
0.912
0.665
0.914
0.699
0.34
0.627
0.711
0.986
0.825
0.496
0.708
0.777
0.462
0.7
0.603
0.77
0.893
0.768
0.489
0.728
0.407
0.303
0.341
0.821
0.257
0.838
0.954
0.736
0.344
0.711
0.607
0.682
0.866
0.695
0.572
0.743
0.354
0.22
0.297
0.511
0.601
0.856
0.546
0.9
0.317
0.661
0.803
0.596
0.909
0.839
0.758
0.778
0.789
0.882
0.711
0.646
0.884
0.616
0.833
0.788
0.563
0.674
0.81
0.661
0.71
0.408
0.94
0.56
0.327
0.29
0.84
0.559
0.501
0.659
0.637
0.8
0.152
0.803
0.725
0.886
0.909
0.764
0.662
0.883
0.586
0.638
0.578
0.507
0.24
0.829
0.728
0.275
0.29
0.952
0.277
0.555
0.813
0.51
0.517
0.791
0.609
0.546
0.649
0.7
0.944
0.665
0.315
0.639
0.805
0.817
0.896
0.662
0.691
0.891
0.672
0.889
0.631
0.12
0.738
0.67
0.378
0.775
0.697
0.671
0.554
0.904
0.356
0.296
0.786
0.983
0.605
0.729
0.921
0.284
0.431
0.815
0.97
0.921
0.78
0.829
0.99
0.552
0.549
0.988
0.386
0.359
0.344
0.567
0.398
0.163
0.563
0.837
0.737
0.849
0.859
0.362
0.878
0.874
0.752
0.363
0.256
0.348
0.317
0.432
0.564
0.717
0.382
0.578
0.889
0.755
0.935
0.9
0.75
0.943
0.803
0.961
0.663
0.869
0.924
0.785
0.678
0.24
0.6
0.383
0.88
0.808
0.643
0.536
0.312
0.866
0.823
0.588
0.607
0.792
0.524
0.792
0.381
0.819
0.799
0.82
0.348
0.554
0.804
0.972
0.938
0.643
0.913
0.485
0.222
0.407
0.775
0.73
0.745
0.672
0.839
0.797
0.952
0.576
0.897
0.927
0.812
0.589
0.849
0.703
0.782
0.361
0.48
0.728
0.613
0.545
0.797
0.841
0.479
0.973
0.385
0.306
0.626
0.846
0.707
0.406
0.741
0.53
0.591
0.637
0.804
0.632
0.37
0.94
0.178
0.267
0.771
0.769
0.686
0.783
0.738
0.303
0.714
0.558
0.346
0.864
0.745
0.733
0.467
0.74
0.54
0.408
0.801
0.683
0.89
0.557
0.506
0.469
0.887
0.712
0.664
0.408
0.777
0.738
0.783
0.712
0.216
0.937
0.864
0.878
0.648
0.894
0.377
0.792
0.623
0.68
0.418
0.965
0.87
0.822
0.475
0.299
0.784
0.431
0.557
0.572
0.623
0.872
0.883
0.917
0.832
0.81
0.545
0.906
0.646
0.71
0.695
0.496
0.707
0.359
0.779
0.621
0.563
0.435
0.908
0.627
0.739
0.445
0.432
0.915
0.807
0.772
0.883
0.497
0.464
0.825
0.877
0.488
0.668
0.52
0.565
0.707
0.349
0.609
0.45
